# Reduced coefficients A_alpha.T  shape (100 x 3)  — rows are alpha^(i) = Psi^T y^(i)
5.230662e+00 -1.931393e-01 1.296286e-01
6.474758e+00 8.114720e-01 2.164603e+00
9.632402e+00 2.985766e+00 -2.358722e-01
4.216360e+00 -1.657730e-01 7.648848e-01
1.279510e+01 6.258621e-01 5.226226e-02
4.269945e+01 4.676752e+00 -3.371539e+00
2.812846e+01 4.425416e+00 1.863863e+00
3.710066e+01 4.308584e+00 -3.136370e-01
1.117462e+01 -1.242972e+00 1.021597e+00
2.714005e+01 4.767882e-01 3.512768e-01
1.268457e+01 3.166190e-01 -1.448225e-01
2.646363e+01 -3.960310e+00 8.856281e-01
8.104690e+00 -8.378241e-01 1.470562e+00
4.999454e+00 1.563256e+00 5.982027e-01
6.755010e+00 2.036785e+00 9.794874e-01
2.498790e+01 8.004140e-01 4.068432e-01
1.788345e+01 -3.313076e+00 6.091182e-01
1.818619e+01 2.752156e+00 -7.676620e-01
1.844323e+01 -2.677966e-01 -3.107230e-01
3.278028e+01 1.443838e+00 1.753663e+00
6.182186e+00 -3.962809e-01 6.500093e-01
2.406046e+01 1.088246e+00 -3.002008e-01
1.410502e+01 1.470831e-01 -6.974089e-01
2.008249e+01 -2.622249e+00 -8.703790e-01
1.312474e+01 -1.703014e+00 -4.558105e-02
9.627983e+00 1.555686e+00 6.649041e-01
3.679800e+01 -6.787114e-01 -8.916015e-03
1.084303e+01 -1.824884e-01 4.613715e-01
1.255014e+01 2.195896e+00 -1.035129e-01
1.552233e+01 -2.817556e-02 5.699678e-01
1.588012e+01 2.859756e+00 7.742031e-01
2.015578e+00 3.222261e-01 5.061006e-01
1.968284e+01 -1.172703e+00 4.146943e-01
4.405123e+00 9.048855e-01 3.725505e+00
1.221410e+01 3.866224e+00 2.759152e+00
4.180071e+01 -5.536449e+00 -1.478448e+00
2.312998e+01 4.206290e+00 5.064214e-01
8.006910e+00 1.300817e-03 1.049343e+00
3.186644e+01 1.895551e-01 1.813430e+00
8.259236e+00 -1.983075e+00 2.100251e+00
4.659619e+01 -2.182572e-01 -6.002122e+00
1.599222e+01 -5.262612e+00 1.917805e+00
1.689074e+01 -2.801389e-01 2.575690e-01
9.153637e+00 6.953028e-01 3.953601e-01
1.753107e+01 -2.808808e+00 -9.553892e-02
8.444321e+00 6.775009e-01 -2.959811e-01
1.691892e+01 5.767833e+00 2.056139e+00
2.233128e+01 -7.435978e-01 1.224698e+00
5.844504e+00 -1.283649e+00 9.766866e-01
1.236319e+01 1.674631e+00 7.243092e-01
1.418462e+01 1.578710e+00 4.478859e-01
1.361711e+01 5.275287e-01 8.239110e-01
4.060257e+00 1.755373e+00 9.819212e-01
5.454525e+00 9.550861e-01 8.928371e-01
1.562338e+01 7.724024e-01 2.102364e-01
9.506204e+00 -5.028041e-03 1.249698e+00
5.061786e+00 -5.535105e-01 3.384733e-01
1.116229e+01 1.029757e+00 8.484294e-01
1.548656e+01 1.286152e+00 -5.497719e-01
1.146691e+01 -8.029555e-01 1.187511e+00
1.907586e+01 1.602324e-01 8.521622e-01
1.254008e+01 -7.575557e-01 1.079503e+00
1.407090e+01 -9.989174e-01 1.180712e+00
1.984889e+01 -2.885464e+00 4.810295e-01
1.268514e+01 -1.049418e+00 3.285214e-01
1.327522e+01 -5.632042e-01 1.344900e+00
5.287019e+01 3.460857e+00 -2.365981e+00
2.791758e+01 -1.081140e+00 -9.690718e-01
1.392252e+01 1.313819e+00 4.041000e-01
7.634258e+00 1.333105e+00 2.560819e-01
1.971713e+01 -1.094238e+00 -9.120697e-01
2.134510e+01 7.158120e-01 -8.313853e-02
6.790388e+00 -2.526024e-01 3.613196e-01
6.496775e+00 2.452713e-01 6.746575e-02
1.433499e+01 -1.454292e+00 1.002006e+00
2.290841e+01 -2.268186e+00 -2.300854e-01
2.711561e+01 -3.736390e+00 1.997915e-01
2.224620e+01 -2.314912e+00 -6.946445e-01
2.995815e+01 -2.549431e+00 -1.594523e+00
2.578218e+01 7.009359e-01 -3.115827e-01
6.406274e+00 -2.109530e+00 1.279757e+00
6.889097e+00 1.501229e+00 1.128816e+00
1.772243e+01 -1.376133e+00 3.031636e-02
1.160322e+01 -6.787611e-01 1.668179e+00
1.629221e+01 -1.893957e+00 1.054169e+00
6.698381e+00 -1.242075e+00 6.292857e-01
3.852792e+01 3.737740e+00 4.987906e-01
4.548243e+01 -3.398309e+00 -1.115296e-01
4.026826e+01 1.367625e+00 -9.761896e-02
9.128521e+00 1.965371e+00 5.113903e-01
2.709497e+01 -4.076366e+00 7.539745e-01
2.084732e+01 -4.115191e+00 1.120999e+00
2.762868e+01 3.370018e-03 -1.821948e+00
1.532758e+01 -7.391708e-01 1.053612e+00
1.673063e+01 3.934162e+00 8.104989e-01
8.827452e+00 -1.942048e+00 1.900203e+00
4.062764e+01 -3.999594e-01 1.862188e-01
1.081553e+01 -1.912359e+00 9.267234e-01
1.384955e+01 3.558287e-01 2.439220e-01
1.190283e+01 -5.833550e-01 -9.189052e-01
