# POD basis Psi  shape (68 x 3)  — columns are spatial modes
1.083925e-01 2.453310e-01 2.654929e-01
1.096864e-01 2.353110e-01 2.415769e-01
1.108612e-01 2.230896e-01 2.150604e-01
1.119920e-01 2.113954e-01 1.899523e-01
1.130795e-01 2.001950e-01 1.661813e-01
1.141242e-01 1.894575e-01 1.436820e-01
1.151269e-01 1.791539e-01 1.223938e-01
1.160882e-01 1.692571e-01 1.022612e-01
1.170085e-01 1.597414e-01 8.323295e-02
1.178884e-01 1.505832e-01 6.526171e-02
1.187285e-01 1.417599e-01 4.830399e-02
1.195293e-01 1.332506e-01 3.231969e-02
1.202913e-01 1.250353e-01 1.727188e-02
1.210148e-01 1.170955e-01 3.126574e-03
1.217004e-01 1.094135e-01 -1.014752e-02
1.223485e-01 1.019729e-01 -2.257914e-02
1.229594e-01 9.475788e-02 -3.419471e-02
1.235335e-01 8.775366e-02 -4.501845e-02
1.240711e-01 8.094621e-02 -5.507257e-02
1.245726e-01 7.432218e-02 -6.437736e-02
1.250383e-01 6.786891e-02 -7.295135e-02
1.254684e-01 6.157435e-02 -8.081141e-02
1.258631e-01 5.542698e-02 -8.797283e-02
1.262228e-01 4.941582e-02 -9.444944e-02
1.265475e-01 4.353032e-02 -1.002537e-01
1.268376e-01 3.776040e-02 -1.053966e-01
1.270931e-01 3.209631e-02 -1.098882e-01
1.273142e-01 2.652870e-02 -1.137370e-01
1.275010e-01 2.104850e-02 -1.169506e-01
1.276536e-01 1.564692e-02 -1.195354e-01
1.277720e-01 1.031543e-02 -1.214967e-01
1.278564e-01 5.045711e-03 -1.228389e-01
1.279067e-01 -1.703580e-04 -1.235654e-01
1.279230e-01 -5.340746e-03 -1.236785e-01
1.279052e-01 -1.047329e-02 -1.231795e-01
1.278533e-01 -1.557570e-02 -1.220690e-01
1.277673e-01 -2.065562e-02 -1.203465e-01
1.276470e-01 -2.572063e-02 -1.180106e-01
1.274924e-01 -3.077827e-02 -1.150590e-01
1.273033e-01 -3.583607e-02 -1.114883e-01
1.270796e-01 -4.090156e-02 -1.072943e-01
1.268212e-01 -4.598230e-02 -1.024719e-01
1.265278e-01 -5.108594e-02 -9.701495e-02
1.261992e-01 -5.622015e-02 -9.091621e-02
1.258352e-01 -6.139275e-02 -8.416751e-02
1.254356e-01 -6.661165e-02 -7.675959e-02
1.250000e-01 -7.188492e-02 -6.868205e-02
1.245283e-01 -7.722078e-02 -5.992336e-02
1.240199e-01 -8.262767e-02 -5.047079e-02
1.234747e-01 -8.811421e-02 -4.031032e-02
1.228922e-01 -9.368929e-02 -2.942661e-02
1.222721e-01 -9.936204e-02 -1.780290e-02
1.216139e-01 -1.051419e-01 -5.420951e-03
1.209172e-01 -1.110386e-01 7.739063e-03
1.201815e-01 -1.170623e-01 2.169865e-02
1.194064e-01 -1.232234e-01 3.648113e-02
1.185913e-01 -1.295328e-01 5.211172e-02
1.177358e-01 -1.360018e-01 6.861770e-02
1.168393e-01 -1.426421e-01 8.602856e-02
1.159011e-01 -1.494661e-01 1.043762e-01
1.149208e-01 -1.564867e-01 1.236949e-01
1.138976e-01 -1.637170e-01 1.440220e-01
1.128310e-01 -1.711713e-01 1.653976e-01
1.117202e-01 -1.788642e-01 1.878649e-01
1.105646e-01 -1.868110e-01 2.114709e-01
1.093635e-01 -1.950278e-01 2.362661e-01
1.081162e-01 -2.035317e-01 2.623052e-01
1.067764e-01 -2.096505e-01 2.829651e-01
