# Reduced coefficients A_alpha.T  shape (40 x 2)  -- rows are alpha^(i) = Psi^T y^(i)
-1.754659e+00 -2.687384e-02
-1.547952e+00 4.404145e-02
-1.652604e+00 2.698079e-02
-1.437257e+00 3.452591e-02
-1.831980e+00 -8.804746e-02
-1.780188e+00 -4.572809e-02
-1.784949e+00 -4.943644e-02
-1.557221e+00 4.397754e-02
-1.675951e+00 1.793793e-02
-1.656361e+00 2.565903e-02
-1.815271e+00 -7.415125e-02
-1.426160e+00 3.330750e-02
-1.598558e+00 4.042135e-02
-1.622148e+00 3.582198e-02
-1.463546e+00 3.739731e-02
-1.231945e+00 1.194114e-02
-1.825338e+00 -8.260338e-02
-1.734500e+00 -1.337127e-02
-1.279393e+00 1.716170e-02
-1.485812e+00 3.976927e-02
-1.505314e+00 4.168601e-02
-1.321315e+00 2.177423e-02
-1.531545e+00 4.358183e-02
-1.380409e+00 2.827598e-02
-1.302527e+00 1.970707e-02
-1.801442e+00 -6.267286e-02
-1.696235e+00 8.474493e-03
-1.574929e+00 4.313137e-02
-1.272514e+00 1.640482e-02
-1.415153e+00 3.209769e-02
-1.816624e+00 -7.528666e-02
-1.339328e+00 2.375612e-02
-1.714001e+00 -1.029786e-03
-1.743955e+00 -1.954156e-02
-1.797264e+00 -5.926681e-02
-1.771207e+00 -3.888916e-02
-1.363819e+00 2.645079e-02
-1.627775e+00 3.443777e-02
-1.701141e+00 5.962747e-03
-1.252433e+00 1.419536e-02
