# POD basis Psi  shape (380 x 2)  -- columns are spatial modes
-3.873608e-02 1.117698e-01
-3.882236e-02 1.114577e-01
-3.890848e-02 1.111379e-01
-3.899441e-02 1.108101e-01
-3.908017e-02 1.104742e-01
-3.916574e-02 1.101302e-01
-3.925113e-02 1.097778e-01
-3.933634e-02 1.094170e-01
-3.942135e-02 1.090476e-01
-3.950616e-02 1.086694e-01
-3.959079e-02 1.082824e-01
-3.967521e-02 1.078863e-01
-3.975942e-02 1.074811e-01
-3.984344e-02 1.070667e-01
-3.992724e-02 1.066429e-01
-4.001083e-02 1.062097e-01
-4.009422e-02 1.057670e-01
-4.017739e-02 1.053148e-01
-4.026034e-02 1.048530e-01
-4.034309e-02 1.043817e-01
-4.042562e-02 1.039008e-01
-4.050794e-02 1.034105e-01
-4.059004e-02 1.029108e-01
-4.067194e-02 1.024018e-01
-4.075363e-02 1.018836e-01
-4.083512e-02 1.013563e-01
-4.091640e-02 1.008200e-01
-4.099748e-02 1.002750e-01
-4.107837e-02 9.972127e-02
-4.115906e-02 9.915907e-02
-4.123956e-02 9.858853e-02
-4.131987e-02 9.800981e-02
-4.140000e-02 9.742305e-02
-4.147994e-02 9.682841e-02
-4.155970e-02 9.622603e-02
-4.163929e-02 9.561602e-02
-4.171869e-02 9.499852e-02
-4.179792e-02 9.437364e-02
-4.187698e-02 9.374146e-02
-4.195586e-02 9.310208e-02
-4.203457e-02 9.245558e-02
-4.211310e-02 9.180200e-02
-4.219146e-02 9.114140e-02
-4.226964e-02 9.047382e-02
-4.234765e-02 8.979930e-02
-4.242548e-02 8.911784e-02
-4.250313e-02 8.842946e-02
-4.258060e-02 8.773416e-02
-4.265788e-02 8.703194e-02
-4.273498e-02 8.632278e-02
-4.281190e-02 8.560668e-02
-4.288862e-02 8.488361e-02
-4.296515e-02 8.415356e-02
-4.304148e-02 8.341651e-02
-4.311761e-02 8.267247e-02
-4.319355e-02 8.192142e-02
-4.326928e-02 8.116338e-02
-4.334480e-02 8.039836e-02
-4.342012e-02 7.962641e-02
-4.349524e-02 7.884757e-02
-4.357014e-02 7.806189e-02
-4.364484e-02 7.726944e-02
-4.371933e-02 7.647030e-02
-4.379360e-02 7.566454e-02
-4.386767e-02 7.485226e-02
-4.394153e-02 7.403354e-02
-4.401517e-02 7.320846e-02
-4.408860e-02 7.237712e-02
-4.416182e-02 7.153959e-02
-4.423483e-02 7.069597e-02
-4.430762e-02 6.984634e-02
-4.438019e-02 6.899079e-02
-4.445255e-02 6.812940e-02
-4.452469e-02 6.726228e-02
-4.459662e-02 6.638953e-02
-4.466833e-02 6.551126e-02
-4.473983e-02 6.462759e-02
-4.481110e-02 6.373865e-02
-4.488217e-02 6.284457e-02
-4.495302e-02 6.194551e-02
-4.502367e-02 6.104161e-02
-4.509410e-02 6.013304e-02
-4.516433e-02 5.921994e-02
-4.523435e-02 5.830250e-02
-4.530416e-02 5.738087e-02
-4.537377e-02 5.645521e-02
-4.544318e-02 5.552570e-02
-4.551239e-02 5.459248e-02
-4.558140e-02 5.365571e-02
-4.565021e-02 5.271555e-02
-4.571882e-02 5.177214e-02
-4.578722e-02 5.082563e-02
-4.585543e-02 4.987616e-02
-4.592343e-02 4.892386e-02
-4.599122e-02 4.796885e-02
-4.605881e-02 4.701127e-02
-4.612619e-02 4.605124e-02
-4.619336e-02 4.508888e-02
-4.626031e-02 4.412429e-02
-4.632705e-02 4.315760e-02
-4.639357e-02 4.218891e-02
-4.645988e-02 4.121835e-02
-4.652596e-02 4.024602e-02
-4.659182e-02 3.927204e-02
-4.665746e-02 3.829652e-02
-4.672287e-02 3.731959e-02
-4.678807e-02 3.634137e-02
-4.685304e-02 3.536199e-02
-4.691780e-02 3.438157e-02
-4.698234e-02 3.340024e-02
-4.704666e-02 3.241815e-02
-4.711078e-02 3.143543e-02
-4.717468e-02 3.045222e-02
-4.723838e-02 2.946867e-02
-4.730188e-02 2.848492e-02
-4.736518e-02 2.750113e-02
-4.742828e-02 2.651744e-02
-4.749119e-02 2.553401e-02
-4.755391e-02 2.455100e-02
-4.761644e-02 2.356857e-02
-4.767877e-02 2.258689e-02
-4.774092e-02 2.160612e-02
-4.780288e-02 2.062644e-02
-4.786466e-02 1.964801e-02
-4.792624e-02 1.867101e-02
-4.798763e-02 1.769561e-02
-4.804883e-02 1.672199e-02
-4.810984e-02 1.575032e-02
-4.817066e-02 1.478078e-02
-4.823127e-02 1.381353e-02
-4.829169e-02 1.284875e-02
-4.835191e-02 1.188660e-02
-4.841192e-02 1.092723e-02
-4.847173e-02 9.970799e-03
-4.853134e-02 9.017462e-03
-4.859074e-02 8.067360e-03
-4.864994e-02 7.120632e-03
-4.870893e-02 6.177412e-03
-4.876772e-02 5.237830e-03
-4.882630e-02 4.302011e-03
-4.888467e-02 3.370078e-03
-4.894284e-02 2.442150e-03
-4.900081e-02 1.518346e-03
-4.905858e-02 5.987873e-04
-4.911615e-02 -3.164056e-04
-4.917352e-02 -1.227107e-03
-4.923070e-02 -2.133186e-03
-4.928767e-02 -3.034503e-03
-4.934445e-02 -3.930910e-03
-4.940104e-02 -4.822248e-03
-4.945743e-02 -5.708343e-03
-4.951362e-02 -6.589010e-03
-4.956962e-02 -7.464048e-03
-4.962542e-02 -8.333241e-03
-4.968101e-02 -9.196359e-03
-4.973641e-02 -1.005316e-02
-4.979159e-02 -1.090339e-02
-4.984657e-02 -1.174679e-02
-4.990134e-02 -1.258308e-02
-4.995589e-02 -1.341199e-02
-5.001023e-02 -1.423325e-02
-5.006434e-02 -1.504657e-02
-5.011822e-02 -1.585170e-02
-5.017188e-02 -1.664836e-02
-5.022530e-02 -1.743632e-02
-5.027849e-02 -1.821531e-02
-5.033144e-02 -1.898513e-02
-5.038415e-02 -1.974556e-02
-5.043661e-02 -2.049641e-02
-5.048884e-02 -2.123750e-02
-5.054083e-02 -2.196867e-02
-5.059257e-02 -2.268978e-02
-5.064407e-02 -2.340069e-02
-5.069532e-02 -2.410127e-02
-5.074633e-02 -2.479142e-02
-5.079711e-02 -2.547101e-02
-5.084764e-02 -2.613994e-02
-5.089793e-02 -2.679809e-02
-5.094798e-02 -2.744535e-02
-5.099779e-02 -2.808161e-02
-5.104737e-02 -2.870675e-02
-5.109671e-02 -2.932064e-02
-5.114581e-02 -2.992319e-02
-5.119468e-02 -3.051426e-02
-5.124331e-02 -3.109375e-02
-5.129171e-02 -3.166157e-02
-5.133988e-02 -3.221763e-02
-5.138781e-02 -3.276184e-02
-5.143551e-02 -3.329413e-02
-5.148298e-02 -3.381443e-02
-5.153022e-02 -3.432269e-02
-5.157724e-02 -3.481883e-02
-5.162403e-02 -3.530279e-02
-5.167060e-02 -3.577449e-02
-5.171694e-02 -3.623384e-02
-5.176306e-02 -3.668072e-02
-5.180896e-02 -3.711499e-02
-5.185464e-02 -3.753652e-02
-5.190009e-02 -3.794512e-02
-5.194532e-02 -3.834060e-02
-5.199032e-02 -3.872277e-02
-5.203510e-02 -3.909140e-02
-5.207964e-02 -3.944630e-02
-5.212396e-02 -3.978725e-02
-5.216805e-02 -4.011408e-02
-5.221191e-02 -4.042661e-02
-5.225553e-02 -4.072471e-02
-5.229892e-02 -4.100827e-02
-5.234208e-02 -4.127723e-02
-5.238501e-02 -4.153154e-02
-5.242771e-02 -4.177121e-02
-5.247018e-02 -4.199625e-02
-5.251242e-02 -4.220673e-02
-5.255445e-02 -4.240274e-02
-5.259625e-02 -4.258439e-02
-5.263783e-02 -4.275180e-02
-5.267920e-02 -4.290513e-02
-5.272037e-02 -4.304455e-02
-5.276132e-02 -4.317024e-02
-5.280208e-02 -4.328241e-02
-5.284264e-02 -4.338127e-02
-5.288300e-02 -4.346708e-02
-5.292318e-02 -4.354010e-02
-5.296318e-02 -4.360062e-02
-5.300300e-02 -4.364895e-02
-5.304264e-02 -4.368542e-02
-5.308212e-02 -4.371039e-02
-5.312144e-02 -4.372427e-02
-5.316061e-02 -4.372746e-02
-5.319963e-02 -4.372041e-02
-5.323852e-02 -4.370359e-02
-5.327727e-02 -4.367747e-02
-5.331589e-02 -4.364257e-02
-5.335440e-02 -4.359939e-02
-5.339280e-02 -4.354847e-02
-5.343110e-02 -4.349032e-02
-5.346930e-02 -4.342548e-02
-5.350742e-02 -4.335445e-02
-5.354546e-02 -4.327773e-02
-5.358342e-02 -4.319580e-02
-5.362132e-02 -4.310913e-02
-5.365916e-02 -4.301816e-02
-5.369694e-02 -4.292329e-02
-5.374943e-02 -4.276130e-02
-5.381639e-02 -4.253495e-02
-5.388308e-02 -4.230949e-02
-5.394950e-02 -4.208493e-02
-5.401566e-02 -4.186128e-02
-5.408155e-02 -4.163852e-02
-5.414718e-02 -4.141666e-02
-5.421254e-02 -4.119569e-02
-5.427763e-02 -4.097563e-02
-5.434246e-02 -4.075647e-02
-5.440703e-02 -4.053820e-02
-5.447132e-02 -4.032083e-02
-5.453536e-02 -4.010436e-02
-5.459912e-02 -3.988879e-02
-5.466262e-02 -3.967412e-02
-5.472586e-02 -3.946034e-02
-5.478883e-02 -3.924747e-02
-5.485153e-02 -3.903549e-02
-5.491397e-02 -3.882441e-02
-5.497614e-02 -3.861422e-02
-5.503805e-02 -3.840494e-02
-5.509969e-02 -3.819655e-02
-5.516106e-02 -3.798907e-02
-5.522217e-02 -3.778248e-02
-5.528302e-02 -3.757678e-02
-5.534360e-02 -3.737199e-02
-5.540391e-02 -3.716809e-02
-5.546396e-02 -3.696509e-02
-5.552374e-02 -3.676299e-02
-5.558325e-02 -3.656179e-02
-5.564250e-02 -3.636148e-02
-5.570149e-02 -3.616207e-02
-5.576021e-02 -3.596356e-02
-5.581866e-02 -3.576595e-02
-5.587685e-02 -3.556923e-02
-5.593478e-02 -3.537341e-02
-5.599243e-02 -3.517849e-02
-5.604983e-02 -3.498446e-02
-5.610695e-02 -3.479134e-02
-5.616382e-02 -3.459910e-02
-5.622041e-02 -3.440777e-02
-5.627674e-02 -3.421734e-02
-5.633281e-02 -3.402780e-02
-5.638861e-02 -3.383915e-02
-5.644415e-02 -3.365141e-02
-5.649942e-02 -3.346456e-02
-5.655442e-02 -3.327861e-02
-5.660916e-02 -3.309356e-02
-5.666363e-02 -3.290940e-02
-5.671784e-02 -3.272614e-02
-5.677179e-02 -3.254377e-02
-5.682546e-02 -3.236231e-02
-5.687888e-02 -3.218173e-02
-5.693203e-02 -3.200206e-02
-5.698491e-02 -3.182328e-02
-5.703753e-02 -3.164540e-02
-5.708988e-02 -3.146842e-02
-5.714196e-02 -3.129233e-02
-5.719379e-02 -3.111714e-02
-5.724534e-02 -3.094284e-02
-5.729664e-02 -3.076944e-02
-5.734766e-02 -3.059694e-02
-5.739842e-02 -3.042533e-02
-5.744892e-02 -3.025462e-02
-5.749915e-02 -3.008481e-02
-5.754912e-02 -2.991589e-02
-5.759882e-02 -2.974787e-02
-5.764825e-02 -2.958074e-02
-5.769743e-02 -2.941451e-02
-5.774633e-02 -2.924918e-02
-5.779497e-02 -2.908474e-02
-5.784335e-02 -2.892120e-02
-5.789146e-02 -2.875855e-02
-5.793930e-02 -2.859680e-02
-5.798689e-02 -2.843595e-02
-5.803420e-02 -2.827599e-02
-5.808125e-02 -2.811692e-02
-5.812804e-02 -2.795876e-02
-5.817456e-02 -2.780148e-02
-5.822082e-02 -2.764511e-02
-5.826681e-02 -2.748963e-02
-5.831253e-02 -2.733504e-02
-5.835800e-02 -2.718135e-02
-5.840319e-02 -2.702856e-02
-5.844812e-02 -2.687666e-02
-5.849279e-02 -2.672566e-02
-5.853719e-02 -2.657555e-02
-5.858133e-02 -2.642634e-02
-5.862520e-02 -2.627802e-02
-5.866881e-02 -2.613060e-02
-5.871215e-02 -2.598407e-02
-5.875523e-02 -2.583844e-02
-5.879804e-02 -2.569370e-02
-5.884059e-02 -2.554986e-02
-5.888288e-02 -2.540692e-02
-5.892489e-02 -2.526487e-02
-5.896665e-02 -2.512371e-02
-5.900814e-02 -2.498345e-02
-5.904936e-02 -2.484408e-02
-5.909032e-02 -2.470561e-02
-5.913102e-02 -2.456804e-02
-5.917145e-02 -2.443136e-02
-5.921161e-02 -2.429557e-02
-5.925151e-02 -2.416068e-02
-5.929115e-02 -2.402668e-02
-5.933052e-02 -2.389358e-02
-5.936963e-02 -2.376137e-02
-5.940847e-02 -2.363006e-02
-5.944705e-02 -2.349964e-02
-5.948536e-02 -2.337012e-02
-5.952341e-02 -2.324149e-02
-5.956119e-02 -2.311376e-02
-5.959871e-02 -2.298692e-02
-5.963597e-02 -2.286098e-02
-5.967296e-02 -2.273593e-02
-5.970968e-02 -2.261177e-02
-5.974614e-02 -2.248851e-02
-5.978234e-02 -2.236614e-02
-5.981827e-02 -2.224467e-02
-5.985394e-02 -2.212409e-02
-5.988934e-02 -2.200441e-02
-5.992448e-02 -2.188562e-02
-5.995935e-02 -2.176773e-02
-5.999396e-02 -2.165073e-02
-6.002831e-02 -2.153462e-02
-6.006239e-02 -2.141941e-02
-6.009620e-02 -2.130509e-02
-6.012975e-02 -2.119167e-02
-6.016304e-02 -2.107914e-02
-6.019606e-02 -2.096750e-02
-6.022882e-02 -2.085676e-02
-6.026131e-02 -2.074691e-02
-6.029354e-02 -2.063796e-02
-6.032550e-02 -2.052990e-02
-6.035720e-02 -2.042274e-02
-6.038864e-02 -2.031647e-02
-6.041981e-02 -2.021109e-02
