# Reduced coefficients A_alpha.T  shape (400 x 3)  — rows are alpha^(i) = Psi^T y^(i)
-2.008079e+01 -5.030402e+00 -1.366778e+00
-5.505893e+00 -2.830898e+00 -1.260646e+00
-4.382001e+01 -9.746338e+00 2.457720e-01
-5.412112e+00 8.636277e-01 7.641634e-02
-1.017701e+01 1.003749e+00 1.464428e+00
-1.205169e+01 -4.342475e+00 -2.602084e+00
-1.705072e+01 -5.735803e-01 -7.974167e-02
-6.934417e+00 -1.267336e+00 -1.778358e+00
-1.843090e+01 -1.677233e+00 4.812146e-01
-1.295467e+01 -1.041047e-01 -2.257643e+00
-1.226827e+01 3.298272e-02 7.008709e-01
-1.715388e+01 1.938298e+00 -1.719013e-01
-2.853583e+01 -4.638767e+00 -1.480700e-01
-2.000258e+01 -7.716408e+00 -1.942203e+00
-5.425293e+01 -1.219311e+01 -4.217346e-01
-3.820403e+01 -7.212833e+00 5.262495e+00
-2.210230e+01 8.401252e-03 1.991981e+00
-2.964155e+01 2.220380e+00 1.555417e+00
-6.208230e+00 -1.833698e+00 -2.234949e+00
-1.832492e+01 -4.644236e-01 -7.058402e-01
-1.059799e+01 1.591281e+00 -1.414887e+00
-1.318847e+01 -1.979691e+00 -7.115676e-01
-1.848199e+01 -5.287552e+00 -1.114735e+00
-3.227813e+01 2.064441e+00 4.509921e-01
-1.325324e+01 4.104549e+00 -2.194562e+00
-1.737749e+01 1.679617e+00 9.024924e-01
-7.402486e+00 -3.158361e-01 -8.469374e-01
-2.011947e+01 -9.150712e-01 -1.608499e+00
-1.908394e+01 1.582853e+00 9.550180e-01
-1.669453e+01 2.102935e+00 3.674652e+00
-8.990703e+00 -1.244201e+00 1.085197e+00
-1.457180e+01 -9.732882e-02 -1.739658e+00
-2.050138e+01 4.562978e+00 -4.301793e-01
-1.657844e+01 2.117963e+00 -3.050273e-01
-1.523472e+01 -4.503316e-01 -8.139728e-01
-1.393573e+01 1.195953e+00 -1.439617e+00
-1.194107e+01 6.835895e-01 -4.422606e-01
-2.280249e+01 2.988886e+00 7.778844e-01
-1.693674e+01 4.060214e+00 -1.229867e+00
-1.388697e+01 3.055480e+00 -7.427314e-01
-5.632364e+00 -1.018244e+00 -9.657171e-01
-1.144014e+01 3.079865e+00 -2.826608e-01
-1.603709e+01 -1.087494e+00 -3.018921e+00
-6.252499e+00 -1.098398e+00 -1.937511e-01
-1.770324e+01 -1.336173e+00 9.156792e-01
-1.159585e+01 -8.677691e-01 -7.283668e-01
-1.746764e+01 -2.115358e+00 -1.013487e-01
-1.106935e+01 1.595164e+00 2.739147e-02
-2.828409e+01 -1.941332e+00 3.167774e+00
-1.189703e+01 9.279982e-01 -1.296636e+00
-2.392866e+01 2.605032e-02 2.598807e+00
-2.692435e+01 8.763889e-01 2.127627e+00
-1.219828e+01 -6.347158e-01 -1.339999e+00
-4.608627e+01 3.527364e+00 1.786038e+00
-1.170149e+01 1.229563e+00 -3.041500e-02
-1.400498e+01 -5.627583e-01 1.745525e+00
-1.483373e+01 -4.524503e-01 -3.097762e-01
-1.199576e+01 5.103670e-01 4.543873e-01
-2.270314e+01 1.798354e+00 -2.633952e-01
-8.317950e+00 1.275386e+00 -1.416423e+00
-2.275739e+01 1.391317e+00 -3.386985e+00
-1.121045e+01 4.910456e-02 -8.622086e-02
-2.403727e+01 -5.498969e-01 9.483299e-01
-1.624830e+01 1.049700e+00 1.619831e+00
-7.678719e+01 5.532578e+00 3.089563e+00
-1.403305e+01 9.875404e-01 1.802562e-01
-1.270874e+01 2.924943e+00 -3.580315e+00
-2.526744e+01 5.376435e+00 8.793682e-01
-2.642012e+01 -7.160208e+00 2.478026e+00
-7.175123e+00 9.582831e-01 -8.750154e-01
-9.617954e+00 -2.342180e+00 -5.155411e-01
-4.456934e+00 -2.511924e+00 -1.434494e+00
-4.134570e+00 -9.478533e-01 -7.472820e-01
-1.514020e+01 -8.479118e-01 7.356698e-01
-8.412386e+00 3.947545e-01 -2.080391e-01
-1.079119e+01 -1.435481e+00 -1.198114e+00
-1.067434e+01 1.769945e+00 -6.567008e-01
-1.812299e+01 -1.310195e+00 1.579484e+00
-1.530479e+01 1.111435e+00 -2.899333e+00
-6.790653e+00 -5.649486e-01 6.454787e-01
-1.309053e+01 3.033663e-01 -1.640551e-02
-1.749223e+01 -3.273841e-01 -4.985179e+00
-8.383709e+00 1.228358e+00 -2.111141e-01
-1.867324e+01 -1.695411e+00 -3.564989e+00
-1.413932e+01 -2.475743e+00 -2.859451e-01
-1.662276e+01 -2.712621e+00 -1.581900e+00
-1.282658e+01 -8.366712e-01 -5.267562e-01
-3.312541e+01 -2.149349e+00 1.601217e-01
-1.365549e+01 1.833734e+00 5.365115e-02
-2.688660e+01 2.868121e+00 -2.216019e+00
-1.245061e+01 -7.699736e-01 -1.336194e+00
-1.140927e+01 -1.061447e+00 3.657017e-01
-1.714249e+01 -5.384793e+00 -1.515505e+00
-3.093576e+00 -7.793687e-01 -2.138600e-01
-6.335816e+00 -2.805567e+00 -1.258832e+00
-6.507337e+00 1.964769e-01 2.758280e-01
-1.797175e+01 -1.059183e+00 -7.586348e-01
-1.523122e+01 -2.673533e+00 -2.537581e+00
-1.420217e+01 -2.712719e+00 -1.147139e+00
-1.375081e+01 3.572254e+00 -5.474932e-01
-1.454640e+01 -1.104711e+00 -8.162579e-01
-1.472392e+01 -6.055224e-01 -1.039957e+00
-1.792251e+01 1.586280e+00 2.493395e+00
-1.094145e+01 2.792812e+00 -2.415186e+00
-8.308496e+00 -1.947278e+00 -7.540537e-01
-1.149725e+01 3.543720e+00 -2.014046e+00
-8.348135e+00 2.518332e+00 -1.237326e+00
-2.390123e+01 3.505662e+00 -1.591484e+00
-1.272893e+01 -1.786747e+00 -4.173501e-01
-2.158791e+01 -5.718078e+00 3.874744e-02
-1.385133e+01 -3.845762e+00 -3.552210e+00
-2.290301e+01 -8.712186e+00 -1.502850e-01
-1.303110e+01 -6.125764e-02 -2.137970e+00
-1.950036e+01 -1.649531e+00 2.731824e-01
-6.232574e+00 2.429795e-01 -1.779347e+00
-9.718144e+00 1.779224e+00 -3.158995e-01
-8.433062e+00 -6.509047e-01 -8.760399e-01
-2.436781e+01 3.130941e+00 -1.600153e+00
-1.477685e+01 -3.754417e+00 2.924120e-02
-1.986668e+01 3.519192e+00 1.329435e-01
-9.584015e+00 1.689117e+00 -9.236169e-01
-2.323387e+01 2.155438e+00 1.805139e+00
-9.824571e+00 -1.248225e+00 -1.032432e+00
-2.232233e+01 -3.302645e+00 -5.373875e-01
-1.931879e+01 -2.218354e+00 -3.131177e-01
-1.617014e+01 -1.819573e+00 1.824786e+00
-1.407104e+01 -1.959404e-01 1.405050e+00
-1.333787e+01 6.692124e+00 -2.354746e+00
-3.566004e+01 1.302096e+00 2.696126e+00
-9.231896e+00 2.135710e+00 -1.949187e+00
-7.949335e+00 1.322502e+00 -4.737629e-01
-1.589435e+01 5.940196e-01 1.313490e+00
-9.865069e+00 3.053046e-01 -2.036781e+00
-1.974755e+01 5.077900e-01 7.982117e-01
-1.037275e+01 -6.286560e+00 -3.451716e+00
-1.910986e+01 1.139289e+00 1.473309e-01
-1.069913e+01 1.995166e+00 1.590041e+00
-2.198831e+01 -8.274277e-01 2.992914e+00
-3.630553e+01 4.414438e-01 1.124208e+00
-9.010679e+00 -2.261138e+00 -1.368816e+00
-8.630961e+00 -2.075620e+00 -1.046449e+00
-5.618437e+00 1.149939e+00 -2.083083e-01
-1.373118e+01 5.009971e-01 -1.634041e+00
-1.155454e+01 -2.485141e-02 -1.709004e-01
-5.936792e+00 -2.854405e+00 -1.803863e+00
-2.061634e+01 1.780855e+00 2.195088e-01
-5.778234e+00 3.790245e+00 -1.203597e+00
-2.225140e+01 1.325689e+00 1.487634e+00
-1.658309e+01 2.715570e+00 -2.036136e-01
-1.368327e+01 3.361426e+00 -2.712269e-01
-2.035698e+01 -5.182536e+00 1.130474e+00
-1.917633e+01 1.209272e+00 3.983572e-01
-8.846315e+00 -3.850784e+00 -1.810257e+00
-1.252726e+01 1.194605e-01 1.719455e+00
-3.353963e+01 -2.377589e+00 3.410482e+00
-2.078606e+01 1.713216e+00 -1.023960e-01
-1.477320e+01 1.738452e-01 6.970756e-01
-1.813279e+01 1.859210e+00 2.465074e-01
-1.932564e+01 -1.735635e-01 5.588490e-01
-3.116066e+01 1.618996e+00 3.407466e+00
-4.329188e+00 8.641093e-01 -8.917986e-01
-3.306244e+01 -7.407672e+00 5.568609e-01
-3.226101e+00 1.328537e+00 -6.389248e-01
-1.368883e+01 9.279807e-01 -2.460861e+00
-1.280398e+01 6.132909e-01 -1.446020e+00
-1.882004e+01 -1.590546e+00 -2.875829e+00
-1.562820e+01 5.316350e-01 -8.111042e-01
-1.783113e+01 -5.665476e-01 -7.446963e-01
-1.308371e+01 -1.913832e+00 -4.236978e+00
-1.333303e+01 -5.972039e-01 1.471884e+00
-1.691976e+01 -5.647960e-02 1.493503e+00
-2.660079e+01 4.578682e+00 1.235741e+00
-1.464563e+01 -1.365658e+00 1.294894e+00
-1.367125e+01 -1.193991e+00 -7.021727e-01
-2.342966e+01 2.566837e+00 -3.885588e+00
-9.642812e+00 -2.031616e+00 -7.534779e-01
-3.796121e+01 -5.469961e+00 -2.026508e-02
-1.809778e+01 1.269783e+00 -1.009733e+00
-1.179188e+01 1.747108e+00 -2.775544e+00
-7.698647e+00 1.278313e+00 9.778071e-02
-2.791374e+01 -4.295330e+00 3.692864e+00
-7.331722e+00 7.977327e-01 -4.982270e-01
-1.973214e+01 3.526935e-01 -2.202427e+00
-2.577311e+01 1.297889e+00 -6.749085e-01
-2.149544e+01 -4.269441e+00 4.674044e-01
-1.317548e+01 -2.187950e+00 -8.012325e-01
-8.062302e+00 -2.523716e-01 4.755424e-01
-2.454012e+01 2.795981e+00 -9.195810e-01
-1.686140e+01 -5.784945e-02 1.912555e-01
-1.161777e+01 1.256493e+00 -8.254028e-01
-1.889153e+01 -3.325149e+00 -7.343903e-01
-1.372400e+01 2.419388e+00 -4.336263e-01
-9.913789e+00 -2.425608e+00 -2.562814e-01
-7.896285e+00 -1.143677e+00 -8.631198e-01
-2.021197e+01 -1.667545e+00 8.955874e-01
-1.487714e+01 3.754129e+00 2.068001e+00
-1.852898e+01 2.002112e+00 3.030980e-01
-1.298099e+01 -3.948285e+00 -1.990660e+00
-1.927896e+01 -6.208776e-02 -4.583814e-01
-3.275434e+01 3.360308e+00 -1.115992e+00
-1.527416e+01 -1.445938e+00 -1.524806e+00
-1.083418e+01 -2.093535e+00 -2.238078e-01
-3.759489e+01 -3.345084e+00 1.871719e+00
-1.538965e+01 2.512870e-01 -1.671533e+00
-2.059018e+01 -2.591568e+00 -2.132153e-01
-1.713393e+01 2.370838e+00 5.943197e-01
-5.103014e+00 -2.108236e-01 -7.531046e-01
-1.526967e+01 1.059997e+00 1.506127e-01
-3.346730e+01 1.024780e+00 1.134590e+00
-1.320910e+01 -2.159324e+00 -7.523064e-01
-1.686855e+01 -2.835655e+00 3.807604e-01
-9.280859e+00 1.225873e-01 -2.624253e-01
-6.145538e+00 -1.401949e+00 -5.828718e-01
-2.054380e+01 3.686147e+00 -2.244869e+00
-1.566348e+01 2.283269e+00 1.286774e+00
-1.090304e+01 2.741805e+00 -1.413565e+00
-1.754883e+01 1.419448e+00 -2.390141e+00
-1.779430e+01 -4.126967e+00 3.227325e-01
-1.063161e+01 1.238560e+00 1.231303e+00
-2.819250e+01 -1.551150e+00 -1.522718e+00
-1.449444e+01 2.727740e+00 -3.799555e-01
-1.930908e+01 2.152644e+00 1.507184e-01
-2.643204e+01 5.638428e+00 1.280036e+00
-2.466251e+01 1.682695e+00 4.143598e+00
-1.645325e+01 4.180620e+00 -2.097077e+00
-1.571896e+01 -4.537429e-01 1.943417e+00
-2.384209e+01 -7.810795e+00 -2.239032e+00
-1.071053e+01 4.000958e-01 8.392751e-03
-1.343727e+01 -2.160553e+00 -2.615613e+00
-1.456006e+01 1.717492e-02 -1.535135e+00
-6.921528e+00 3.106895e-01 2.200053e-02
-1.750111e+01 6.275169e+00 -5.058965e-01
-1.144718e+01 1.391008e+00 -5.869152e-01
-2.012289e+01 6.339515e-01 2.837766e+00
-1.428965e+01 2.326124e+00 8.131797e-01
-9.044605e+00 1.365808e+00 1.344402e-01
-7.673228e+00 -3.971272e+00 -3.054072e+00
-2.949132e+01 2.177029e+00 -2.629721e-01
-1.378856e+01 5.841680e-01 6.608757e-01
-8.568996e+00 2.216463e+00 -1.185725e+00
-1.550689e+01 -1.819280e+00 -1.791829e+00
-1.508181e+01 -1.546983e+00 1.151246e+00
-4.853407e+01 -7.987624e+00 8.855363e-01
-2.037078e+01 -2.966554e+00 2.476543e+00
-2.304976e+01 1.528596e-01 1.042790e-01
-1.708878e+01 1.113076e+00 -5.930041e-01
-2.413006e+01 -3.701566e-01 6.419820e-01
-1.973134e+01 -2.616854e+00 1.104064e+00
-8.905854e+00 -1.316937e+00 1.743893e-01
-2.355122e+01 4.465471e+00 -1.405446e+00
-1.628346e+01 -3.147143e+00 -9.974016e-01
-1.850409e+01 5.866248e+00 -7.492783e-02
-1.501531e+01 -4.239869e-01 1.145021e+00
-3.344138e+01 1.883337e+00 7.506635e-01
-1.292820e+01 -1.767901e+00 -1.253869e+00
-1.650808e+01 1.287269e+00 -5.599270e-01
-1.866880e+01 -2.169257e+00 -3.936163e-01
-1.595302e+01 -2.149916e+00 9.837652e-01
-1.655224e+01 9.054619e-01 -4.337340e-01
-9.985775e+00 -8.239320e-01 -1.695579e-01
-1.777677e+01 -1.413660e+00 9.138249e-01
-9.659868e+00 1.210498e-02 2.096444e-01
-1.754895e+01 6.042695e+00 -2.354951e+00
-2.049599e+01 3.322919e+00 1.335619e+00
-1.151844e+01 2.475331e-01 -1.501513e+00
-1.465534e+01 -6.089287e+00 -2.391999e+00
-1.109216e+01 -2.645172e+00 -1.767596e+00
-1.580732e+01 3.241203e+00 -1.780979e+00
-1.401235e+01 2.899843e+00 -3.498515e-02
-1.078670e+01 2.005673e+00 -1.848961e-01
-6.549450e+00 -1.083676e+00 -3.058903e-01
-7.898883e+00 2.654492e-01 -5.722455e-01
-2.147509e+01 -4.515390e+00 -1.015801e-01
-2.501858e+01 1.420870e-01 1.578543e+00
-2.585233e+01 -1.282727e+00 -1.274551e+00
-1.940704e+01 2.250962e+00 2.073145e-01
-3.321871e+01 4.683172e+00 5.524543e+00
-9.001983e+00 -1.891908e+00 2.483970e-01
-1.331629e+01 -2.585647e+00 -1.870307e+00
-1.944342e+01 5.636119e+00 -3.670794e+00
-2.670409e+01 1.184703e+00 2.268182e-01
-1.187708e+01 -2.025634e+00 1.185435e+00
-1.479017e+01 -8.679994e-02 9.615872e-01
-1.065661e+01 2.353142e+00 -1.246358e+00
-5.983292e+00 -3.940396e-01 -1.174826e+00
-1.003900e+01 4.265326e-01 6.914485e-01
-1.655939e+01 -2.433531e+00 1.939890e-01
-1.816660e+01 -4.605770e+00 3.144769e-01
-7.830191e+00 9.273234e-01 -1.056926e+00
-1.379786e+01 3.214783e+00 3.102560e-01
-1.827061e+01 1.386119e-01 4.716160e+00
-7.767014e+00 -8.574572e-01 3.370317e-01
-1.303081e+01 2.307428e-01 8.096195e-02
-1.823222e+01 1.869587e+00 4.739107e-01
-1.275985e+01 1.861879e-01 7.408578e-01
-1.953697e+01 2.311281e+00 6.897333e-01
-2.787129e+01 3.320795e+00 6.555431e-01
-2.388353e+01 2.137058e-01 -2.615671e+00
-3.643536e+01 -4.162427e+00 2.757826e+00
-1.205028e+01 1.523043e+00 1.630056e-01
-1.436517e+01 4.332845e-02 -3.468578e-01
-1.493768e+01 2.029531e+00 -3.073122e+00
-1.268918e+01 3.536456e+00 5.274140e-01
-2.680168e+01 -4.993595e+00 -1.050099e+00
-4.214759e+01 1.641636e+01 3.926012e+00
-1.005132e+01 2.730598e-01 -1.287944e+00
-1.677081e+01 7.052098e-01 -9.234419e-01
-1.765588e+01 1.602021e+00 1.002056e+00
-3.272465e+01 2.597546e-01 1.374993e+00
-1.315281e+01 -2.196425e-01 2.462402e-01
-1.330384e+01 -1.486439e+00 1.108568e-01
-1.385425e+01 -2.242275e+00 -5.823806e-01
-1.827147e+01 4.241287e+00 -5.112843e-01
-2.580108e+01 -1.876129e+00 -2.265659e+00
-2.664222e+01 2.250869e+00 -1.649378e+00
-3.686917e+01 -1.059184e+01 5.010690e+00
-1.679298e+01 -1.646931e+00 1.300156e+00
-7.898826e+00 -2.073722e+00 -1.599274e-01
-1.716952e+01 3.563030e-01 8.886027e-01
-1.971337e+01 1.134569e+00 -4.299576e-01
-1.321677e+01 1.589102e+00 1.075357e+00
-8.013219e+00 -1.702490e-01 8.683598e-01
-2.749863e+01 5.531507e+00 1.688186e+00
-2.542244e+01 3.315628e+00 -1.521694e+00
-1.886144e+01 6.830810e-01 5.904007e-01
-1.625030e+01 -3.493664e-01 -1.112550e+00
-7.965263e+00 -3.270973e+00 -1.587851e+00
-9.628225e+00 6.847703e-01 -6.901969e-01
-1.369558e+01 -8.358889e-01 -1.649741e+00
-1.616140e+01 -5.122010e-01 -1.687467e-01
-1.888394e+01 3.067255e+00 1.395365e+00
-9.413155e+00 3.736662e+00 -3.676293e-01
-1.674228e+01 2.320493e+00 -5.550377e-01
-5.747188e+00 9.154223e-01 2.391904e-01
-1.153091e+01 2.757779e+00 -6.182675e-03
-1.344634e+01 1.215328e+00 -2.356247e+00
-1.768284e+01 1.918274e+00 -1.949149e+00
-4.652461e+00 -2.906695e-01 -5.643038e-01
-1.270421e+01 -2.993265e+00 -1.795483e-01
-4.968735e+00 3.421579e-01 -1.038334e+00
-7.015653e+00 2.438141e+00 -3.557114e-01
-1.598595e+01 1.136862e+00 -3.716211e-01
-1.828271e+01 2.052764e+00 -1.282698e+00
-1.702279e+01 1.017875e+00 -6.317168e-02
-7.204358e+00 -1.057230e+00 -3.119688e+00
-1.119747e+01 -3.002702e+00 -5.403342e-01
-1.074747e+01 2.341121e+00 -1.838919e+00
-8.023558e+00 1.374433e+00 -1.211851e+00
-5.155585e+01 1.645974e+00 -7.069543e-01
-1.680031e+01 -1.827470e+00 -2.294165e-01
-3.362238e+01 -1.351266e+00 -2.448120e-01
-6.886514e+00 -1.626258e+00 -1.208876e+00
-1.296700e+01 8.438501e-01 6.544822e-01
-1.186912e+01 -1.518207e+00 3.349425e-01
-1.992312e+01 -7.518845e-01 2.860650e+00
-2.880254e+01 -1.188877e+00 2.398251e+00
-1.657043e+01 2.053904e+00 -1.318821e+00
-1.832700e+01 5.462329e+00 -1.638987e+00
-1.134546e+01 1.812622e+00 -5.454764e-01
-1.627630e+01 3.072569e+00 -2.291268e-01
-8.454028e+00 -1.530040e+00 -2.665506e-01
-1.095202e+01 -3.079415e+00 -1.024172e+00
-1.805947e+01 2.837897e-01 -8.101887e-01
-1.855121e+01 4.437295e+00 -3.076771e+00
-2.151052e+01 -1.868329e+00 4.353587e-02
-2.509861e+01 3.238889e+00 1.558793e+00
-2.778588e+01 3.869857e+00 -1.366858e+00
-9.830559e+00 2.009011e+00 -1.044934e-01
-1.343712e+01 5.343361e-01 -3.849867e+00
-1.320843e+01 -4.929556e-01 -5.495039e-01
-2.397941e+01 6.078686e+00 -4.293190e-01
-9.987531e+00 -3.916718e+00 -1.281884e+00
-1.197146e+01 2.538548e+00 -9.886012e-01
-1.622078e+01 2.625575e+00 5.369112e-01
-2.443061e+01 -3.411100e+00 -1.229266e+00
-4.914783e+01 -2.365798e+00 -1.168744e+00
-1.225466e+01 -3.582372e-01 -1.958336e+00
-1.042503e+01 7.522099e-01 -1.456833e+00
-1.849593e+01 5.582329e-01 1.081759e+00
-1.424927e+01 3.333908e+00 -5.409135e-01
-2.134513e+01 1.335403e+00 -1.913414e-01
-1.322648e+01 -1.502788e+00 1.943223e+00
-6.737825e+00 3.210696e+00 -6.933023e-01
-1.574697e+01 3.103818e+00 -1.989261e+00
-1.882247e+01 2.908557e-02 -1.878767e+00
-1.685129e+01 -1.460397e+00 -1.112529e+00
-1.523918e+01 -4.558066e-02 1.995318e+00
-3.211274e+01 1.920237e+00 -2.488933e+00
-5.215518e+00 -3.596177e-01 -8.151843e-01
-2.113183e+01 3.544891e+00 -4.709360e+00
-1.922922e+01 2.818472e+00 1.632778e-01
-7.514218e+00 7.707378e-01 4.017380e-02
-9.729764e+00 2.207607e+00 -5.804249e-03
-1.035947e+01 -1.752773e+00 1.857461e+00
-1.662004e+01 3.478675e+00 2.294755e+00
-3.326865e+01 6.184564e-01 2.530185e+00
-1.932120e+01 -2.277010e+00 -4.433574e-01
-7.299747e+00 2.081740e-01 -1.991428e+00
-2.504071e+01 -5.147735e+00 -2.001193e-01
-8.734242e+00 3.388309e+00 -5.296267e-01
