# POD basis Psi  shape (68 x 3)  — columns are spatial modes
-1.138279e-01 -1.901371e-01 -2.044062e-01
-1.144827e-01 -1.874895e-01 -1.969862e-01
-1.151220e-01 -1.845329e-01 -1.889250e-01
-1.157470e-01 -1.812605e-01 -1.802045e-01
-1.163593e-01 -1.776646e-01 -1.708053e-01
-1.169603e-01 -1.737373e-01 -1.607060e-01
-1.175513e-01 -1.694699e-01 -1.498838e-01
-1.181339e-01 -1.648528e-01 -1.383142e-01
-1.187098e-01 -1.598762e-01 -1.259705e-01
-1.192803e-01 -1.545292e-01 -1.128242e-01
-1.198474e-01 -1.488004e-01 -9.884475e-02
-1.204126e-01 -1.426773e-01 -8.399938e-02
-1.209777e-01 -1.361468e-01 -6.825295e-02
-1.215448e-01 -1.291948e-01 -5.156785e-02
-1.220689e-01 -1.218899e-01 -3.253055e-02
-1.225228e-01 -1.148561e-01 -1.341329e-02
-1.229526e-01 -1.079946e-01 4.456530e-03
-1.233581e-01 -1.012907e-01 2.112142e-02
-1.237388e-01 -9.473052e-02 3.662059e-02
-1.240945e-01 -8.830066e-02 5.099020e-02
-1.244247e-01 -8.198830e-02 6.426347e-02
-1.247294e-01 -7.578115e-02 7.647085e-02
-1.250081e-01 -6.966736e-02 8.764016e-02
-1.252607e-01 -6.363552e-02 9.779672e-02
-1.254871e-01 -5.767459e-02 1.069635e-01
-1.256869e-01 -5.177384e-02 1.151610e-01
-1.258600e-01 -4.592287e-02 1.224078e-01
-1.260063e-01 -4.011153e-02 1.287201e-01
-1.261257e-01 -3.432990e-02 1.341122e-01
-1.262179e-01 -2.856824e-02 1.385963e-01
-1.262828e-01 -2.281699e-02 1.421829e-01
-1.263204e-01 -1.706673e-02 1.448804e-01
-1.263304e-01 -1.130810e-02 1.466954e-01
-1.263128e-01 -5.531866e-03 1.476326e-01
-1.262674e-01 2.712026e-04 1.476952e-01
-1.261942e-01 6.110305e-03 1.468842e-01
-1.260930e-01 1.199466e-02 1.451993e-01
-1.259636e-01 1.793351e-02 1.426381e-01
-1.258061e-01 2.393620e-02 1.391965e-01
-1.256202e-01 3.001213e-02 1.348687e-01
-1.254058e-01 3.617087e-02 1.296470e-01
-1.251629e-01 4.242210e-02 1.235219e-01
-1.248914e-01 4.877571e-02 1.164821e-01
-1.245910e-01 5.524179e-02 1.085144e-01
-1.242617e-01 6.183068e-02 9.960339e-02
-1.239034e-01 6.855299e-02 8.973201e-02
-1.235160e-01 7.541963e-02 7.888089e-02
-1.230993e-01 8.244187e-02 6.702857e-02
-1.226533e-01 8.963132e-02 5.415132e-02
-1.221779e-01 9.700004e-02 4.022311e-02
-1.216729e-01 1.045605e-01 2.521544e-02
-1.211382e-01 1.123257e-01 9.097264e-03
-1.205738e-01 1.203091e-01 -8.165157e-03
-1.199796e-01 1.285249e-01 -2.660838e-02
-1.193463e-01 1.363867e-01 -4.511509e-02
-1.187134e-01 1.432106e-01 -6.156302e-02
-1.180877e-01 1.496129e-01 -7.714903e-02
-1.174670e-01 1.556081e-01 -9.191056e-02
-1.168491e-01 1.612097e-01 -1.058827e-01
-1.162321e-01 1.664301e-01 -1.190982e-01
-1.156141e-01 1.712812e-01 -1.315878e-01
-1.149931e-01 1.757739e-01 -1.433801e-01
-1.143676e-01 1.799185e-01 -1.545021e-01
-1.137358e-01 1.837244e-01 -1.649788e-01
-1.130961e-01 1.872004e-01 -1.748335e-01
-1.124471e-01 1.903549e-01 -1.840881e-01
-1.117872e-01 1.931953e-01 -1.927628e-01
-1.111150e-01 1.957286e-01 -2.008767e-01
