# Reduced coefficients A_alpha.T  shape (500 x 3)  — rows are alpha^(i) = Psi^T y^(i)
-3.125956e+01 -3.475065e+00 6.990308e-01
-1.586702e+01 -5.582350e-01 -4.294960e-02
-9.513133e+00 -3.090831e+00 -2.742060e+00
-1.109069e+01 -8.059601e-02 -3.332340e-01
-1.402658e+01 2.569723e-01 6.886705e-01
-1.287732e+01 -3.222754e-01 -6.021409e-01
-1.300628e+01 2.913000e+00 -1.745789e+00
-2.259667e+01 2.387238e+00 -1.022107e+00
-5.433384e+00 1.994839e+00 -1.662616e+00
-1.876261e+01 -4.136675e+00 -2.672144e+00
-9.545761e+00 -5.386563e-01 -1.085118e+00
-1.930350e+01 5.040837e-01 -2.393006e-01
-1.345040e+01 -9.440306e-02 -1.756162e-01
-2.552026e+01 -2.050272e+00 -2.165394e+00
-1.953937e+01 -9.881461e-02 -8.302657e-01
-1.572920e+01 -2.335877e+00 -7.593955e-01
-5.746544e+00 2.583680e-02 3.933491e-01
-6.902339e+00 1.888813e+00 -1.373754e+00
-4.871481e+01 -1.512225e-01 -4.905522e-01
-8.346343e+00 7.249159e-01 -5.043875e-01
-2.870513e+01 -1.541531e+00 4.271272e-01
-1.137230e+01 -1.859896e+00 -1.315511e+00
-6.086048e+00 9.897957e-01 -9.562780e-01
-5.312251e+00 -1.316832e+00 -1.758926e+00
-2.658813e+01 -1.390222e+00 8.493033e-01
-4.469360e+00 1.753786e-01 -7.608398e-01
-8.843449e+00 1.755694e+00 -3.096294e-01
-1.199319e+01 4.709165e-01 -5.791702e-01
-1.738399e+01 1.200218e+00 4.727597e-02
-1.130471e+01 -4.121215e-01 -8.836932e-01
-8.288173e+00 -1.044183e+00 -1.930325e+00
-1.849206e+01 7.421534e-01 -4.651249e-01
-1.599799e+01 -2.243022e+00 -7.569597e-01
-1.518238e+01 -3.244422e+00 -6.486005e-01
-1.191380e+01 -1.978661e+00 -1.538387e+00
-1.007593e+01 1.001415e+00 -1.357043e+00
-1.864988e+01 1.378857e+00 -2.490636e-01
-1.631856e+01 4.332873e-01 6.446856e-01
-1.833307e+01 -1.972490e-01 -1.315402e+00
-2.261335e+01 -5.910674e+00 -1.197795e+00
-3.460186e+01 -7.063960e-01 3.265015e+00
-2.102950e+01 1.686978e+00 -4.418569e-01
-1.970079e+01 -1.681640e+00 1.472811e+00
-3.723904e+01 5.115871e-01 -1.658706e+00
-9.796612e+00 -1.824536e-01 1.005082e+00
-8.528199e+00 2.138321e+00 -1.856255e+00
-8.253676e+00 1.687532e-01 -1.118872e+00
-1.484163e+01 1.712375e+00 -3.751129e-01
-7.043283e+00 -2.119290e-02 -1.766487e+00
-2.936917e+01 2.437180e+00 -7.408754e-01
-1.452062e+01 5.932694e-01 -5.155314e-01
-1.420160e+01 -6.425268e-01 -4.935891e-02
-2.495155e+01 1.742246e+00 6.073401e-01
-1.197131e+00 5.833368e-01 -5.520134e-01
-5.235864e+00 9.038535e-01 -3.805793e-01
-7.431311e+00 -1.563702e+00 -1.327640e+00
-1.918245e+01 3.352404e-01 -3.169816e-01
-2.176660e+01 -7.237896e-01 6.915080e-01
-1.255404e+01 -1.339312e-01 -3.502837e-01
-5.382755e+01 3.899901e+00 2.501066e+00
-1.476355e+01 2.298165e+00 -2.233001e-01
-3.024293e+01 1.718088e+00 1.611669e+00
-1.890381e+01 1.511072e+00 8.443880e-02
-2.203090e+01 1.834971e+00 -1.540020e-02
-2.224753e+01 1.026458e+00 -3.810717e-01
-1.723564e+01 7.134348e-01 -5.671621e-01
-3.975380e+00 3.524634e-01 -1.693557e-01
-1.046444e+01 3.990496e-01 2.234966e-01
-3.914233e+01 1.371042e+00 -2.053217e+00
-1.709700e+01 1.732547e+00 -1.189325e+00
-1.397403e+01 5.227293e-02 9.310736e-01
-5.356685e+01 4.745794e+00 -4.488498e-01
-6.639443e+00 2.001375e-01 -1.715324e+00
-3.243232e+01 4.639056e-01 1.219557e+00
-6.454298e+00 1.407855e+00 -1.817448e+00
-3.521166e+01 4.873698e-01 3.497900e+00
-1.369821e+01 4.622843e+00 -3.076351e+00
-2.399697e+01 -1.520895e+00 -7.677695e-01
-2.468750e+01 1.976770e+00 2.345820e+00
-1.506964e+01 4.069850e-01 3.297098e-01
-1.456470e+01 1.590747e-01 -7.699703e-01
-2.614904e+01 1.709521e+00 5.547587e+00
-6.949339e+00 -3.320368e-01 4.514495e-01
-3.961079e+01 2.399489e+00 -1.690709e+00
-3.025337e+01 2.690309e+00 3.364942e-01
-1.155976e+01 -2.207811e-01 -3.454874e-01
-2.246044e+01 9.275154e+00 -5.888427e+00
-1.513675e+01 -2.242501e-01 -9.261821e-01
-1.369772e+01 -1.080007e+00 1.834899e-01
-1.551344e+01 -9.792021e-01 -5.033942e-02
-1.757682e+01 1.143973e+00 -4.763949e-01
-9.946779e+00 -6.434534e-02 -1.586130e+00
-2.083590e+01 -1.275081e+00 1.865046e+00
-1.260593e+01 8.545632e-01 7.199636e-01
-1.796598e+01 -2.680043e+00 -2.201459e+00
-1.222997e+01 -6.752369e-01 -1.547843e+00
-1.750584e+01 -2.351972e+00 -9.455548e-01
-1.840027e+01 5.060220e-01 -1.451425e+00
-1.956515e+01 2.626647e+00 -1.257769e-01
-6.831025e+00 -1.591721e-01 3.052985e-02
-8.694793e+00 -5.445005e-01 -1.283269e+00
-1.182104e+01 -1.312224e-01 -1.904879e+00
-3.469515e+01 -1.836244e+00 -8.895988e-01
-2.361425e+01 -8.850928e-01 1.127333e+00
-9.593483e+00 2.665274e+00 -1.416793e+00
-9.582283e+00 -2.817576e-01 -1.933595e+00
-1.374911e+01 -1.316705e+00 3.312982e-01
-6.840467e+00 -1.415760e+00 -1.597000e+00
-2.313558e+01 5.371679e-01 1.089667e+00
-3.766935e+01 5.246920e+00 8.197291e-01
-7.893416e+00 1.619637e+00 -9.441559e-02
-7.138049e+00 -1.719264e+00 -1.694207e+00
-3.995200e+01 6.167335e+00 4.343489e-01
-1.402014e+01 5.083569e-01 -1.183850e+00
-7.585456e+00 -2.516101e+00 -1.625879e-01
-5.444238e+00 -1.394722e+00 -2.892450e+00
-1.883499e+01 4.020869e-01 -2.025012e+00
-1.801300e+01 -7.509367e-01 -4.286397e-01
-8.862687e+00 -9.177375e-01 -4.699984e-01
-4.435559e+00 7.536177e-01 -4.300027e-01
-2.923724e+01 -2.749148e+00 6.316296e-02
-5.036136e+01 -2.670625e-01 1.218051e+01
-1.703978e+01 1.642696e+00 -3.312843e-01
-2.362116e+01 -1.572537e+00 4.805763e-01
-7.422448e+00 1.868201e+00 -2.074640e+00
-1.218637e+01 7.098110e-01 -3.671326e-01
-4.983873e+01 -9.466943e+00 3.059013e+00
-1.946408e+01 8.167312e-01 -1.780793e+00
-7.917763e+00 1.653320e-01 -1.568234e+00
-1.259172e+01 -1.142548e-03 -5.613184e-01
-2.554141e+00 -5.059674e-02 1.400804e-01
-1.880576e+01 8.080296e-01 -4.582070e-01
-1.955444e+01 -5.710030e-01 -1.733023e+00
-1.108654e+01 2.467710e-01 -1.077982e+00
-5.757935e+00 -5.596359e-01 -9.692601e-01
-5.252784e+00 -3.165061e+00 -1.901694e+00
-1.439852e+01 3.489100e+00 -1.608635e+00
-1.808387e+01 8.402614e-01 2.482541e+00
-1.202902e+01 -2.899008e-01 -8.110318e-01
-5.784547e+00 -1.136839e+00 -1.359210e+00
-1.492078e+01 3.104381e-01 5.871675e-01
-1.500875e+01 2.168335e+00 -5.860855e-01
-3.769664e+01 4.785785e+00 3.985787e-01
-3.172602e+00 1.301145e+00 -1.022840e+00
-1.856574e+01 -2.622938e+00 -1.353325e+00
-2.536704e+01 1.788534e+00 -9.803769e-01
-9.858198e+00 6.699847e-01 -1.380010e+00
-1.543200e+01 -2.654004e+00 -5.844062e-01
-1.251025e+01 -8.207257e-01 -1.124555e-01
-1.438635e+01 1.133888e+00 -7.197112e-01
-1.290524e+01 1.727203e+00 -2.174099e+00
-3.405939e+00 -7.805468e-01 -9.180520e-03
-1.615944e+01 -4.645837e-01 -1.717020e+00
-2.148786e+01 -1.601934e+00 -9.255118e-01
-1.257397e+01 1.031919e+00 -5.232996e+00
-7.209851e+00 -9.897628e-01 -6.488710e-01
-2.705791e+01 5.129626e+00 1.270765e+00
-7.692360e+00 4.426880e-01 -1.469681e+00
-3.481464e+01 9.354373e-01 8.203769e-01
-3.702009e+00 1.205939e+00 -7.402976e-01
-2.021656e+01 1.754375e+00 -1.311016e+00
-3.754827e+00 -4.866895e-01 -5.254084e-01
-1.144997e+01 6.949528e-01 -8.001910e-01
-8.691354e+00 1.848449e+00 -2.554562e+00
-1.715113e+01 -2.233792e+00 -6.392502e-01
-2.314199e+01 4.332246e-01 1.246356e+00
-1.196721e+01 9.992338e-01 1.333909e+00
-4.186172e+00 -7.873758e-01 -5.429734e-01
-1.853875e+00 -6.919168e-01 -4.308458e-01
-2.349454e+01 -1.179502e+00 1.606262e-01
-3.134777e+01 -5.324292e-01 9.424636e-02
-1.494916e+01 3.224747e+00 -3.023323e+00
-1.556924e+01 2.267063e+00 -1.382391e+00
-6.463893e+00 -2.090098e+00 -6.676553e-01
-1.111273e+01 -5.185897e-02 4.551976e-01
-1.859145e+01 -5.492548e-01 1.017265e+00
-2.936742e+00 1.381114e+00 -7.153465e-01
-1.844980e+00 5.646637e-02 -3.703610e-01
-5.779969e+00 1.260445e+00 -3.746583e-01
-1.291300e+01 1.380631e+00 6.433369e-02
-1.933356e+01 8.176850e-01 3.063256e-01
-2.453221e+01 4.056743e+00 3.559860e-01
-1.168710e+01 4.792721e-01 3.360025e-01
-2.372589e+01 -1.097671e-01 2.382290e+00
-6.539254e+00 -6.851821e-01 -2.249167e-01
-1.272056e+01 -1.196893e+00 -2.174001e+00
-2.757749e+00 -4.605188e-01 -1.795198e-01
-1.510389e+01 -1.738795e+00 -9.351269e-02
-1.671255e+01 8.187969e-01 -1.241386e+00
-9.473621e+00 -1.779955e+00 -4.140281e-01
-3.934044e+00 -8.599772e-02 -1.607316e-01
-3.006851e+01 2.174300e+00 -1.061885e+00
-1.451937e+01 9.530780e-02 -7.520286e-01
-1.451118e+01 1.713410e+00 -7.527220e-01
-1.918539e+01 7.801319e-01 1.467319e-01
-1.775050e+01 -4.737581e-01 -2.943957e-01
-6.262622e+00 -2.253811e-01 -9.926091e-01
-2.836385e+01 -2.669978e+00 -1.637872e+00
-1.698642e+01 -2.734620e+00 -5.579820e-01
-3.062931e+01 6.977703e-01 7.665147e-01
-1.844413e+01 9.133738e-03 -1.486679e+00
-1.780519e+01 -4.651335e-01 4.856770e-01
-4.448123e+01 -1.405853e+00 1.734646e-01
-1.901010e+01 -1.041877e+00 2.640898e+00
-3.892793e+01 2.674307e+00 -8.269996e-01
-1.284051e+01 2.190591e+00 -1.753220e+00
-1.276127e+01 -1.871392e+00 -1.759949e+00
-2.843334e+01 9.176892e-01 -5.815118e-01
-1.503390e+01 -1.243800e+00 -6.323386e-02
-2.482154e+01 4.101051e+00 1.580056e-01
-1.981352e+01 -4.591289e-01 1.445631e-01
-1.304767e+01 1.774193e+00 -7.178068e-01
-7.112812e+00 -7.233935e-01 -4.037932e-01
-2.838199e+01 -2.216534e-01 1.577555e+00
-4.568916e+00 7.851319e-02 -5.777196e-01
-3.914569e+01 4.775858e-01 2.285550e+00
-2.036888e+01 -2.598883e+00 -3.763075e-01
-1.498306e+01 -6.107793e-01 -1.187559e-01
-1.726943e+01 2.511698e+00 -8.243740e-01
-1.002857e+01 -1.634045e+00 -4.853621e-01
-5.205127e+00 7.512130e-01 -2.955740e-01
-9.611400e+00 -1.124871e+00 1.147388e-01
-1.611933e+01 -1.099820e+00 4.603142e-02
-2.147043e+01 -6.149250e+00 -7.999332e-01
-3.492715e+01 2.715623e+00 1.548324e+00
-5.503291e+01 6.857897e-01 1.062760e+01
-6.125131e+00 -1.070332e-01 -7.358371e-01
-1.203258e+01 3.975238e-01 -7.196562e-01
-3.124386e+01 4.168152e+00 1.849393e-01
-2.455576e+01 -2.470114e+00 1.199330e+00
-1.066276e+01 4.426233e-01 -5.763954e-01
-3.804976e+00 -5.597468e-01 -5.876900e-01
-1.637205e+01 1.331530e+00 -5.720086e-01
-1.297639e+01 -3.686827e+00 -7.208164e-01
-1.372998e+01 1.030205e+00 -7.190407e-01
-1.963532e+01 2.299298e+00 1.659513e-01
-1.031405e+01 4.299362e-01 -1.254895e+00
-1.632949e+01 -1.873670e-02 -8.680965e-01
-2.075229e+01 -7.586549e+00 -1.989407e+00
-2.146105e+01 8.423912e-01 -8.850353e-01
-6.757108e+00 -2.414454e-01 1.223003e-01
-3.040046e+01 1.218108e+00 1.693772e+00
-2.320783e+01 -4.039587e+00 -2.174158e-01
-1.495146e+01 -6.080318e-01 1.897514e-01
-2.927471e+01 5.740224e-01 -1.728748e+00
-4.900158e+00 -1.879214e+00 -5.424888e-01
-1.161874e+01 -4.554757e+00 -2.245498e+00
-5.443762e+00 7.976500e-01 -5.780739e-01
-6.291956e+01 1.975316e+00 -1.997007e+00
-1.302810e+01 -2.471875e+00 -7.417456e-01
-2.669610e+01 -1.463459e+00 2.002147e+00
-1.744987e+01 2.134462e+00 -1.043055e+00
-1.733810e+01 1.631022e+00 1.184177e-01
-2.976266e+01 -2.703353e+00 4.787188e-01
-9.989819e+00 1.408331e+00 -2.884089e-01
-1.588416e+01 6.417301e-02 -4.603458e-01
-1.600863e+01 1.332086e+00 -3.126271e-01
-1.968632e+01 -2.089557e+00 7.060718e-01
-1.880880e+01 7.838238e-01 1.017718e+00
-1.411556e+01 -3.565699e-01 -9.995713e-01
-1.511724e+01 9.419225e-01 -6.298006e-01
-1.890316e+01 -1.819435e+00 -6.222448e-01
-1.310727e+01 1.206365e+00 1.481972e-01
-2.245180e+00 2.662298e-01 -7.939074e-01
-9.536387e+00 1.342690e+00 9.424928e-02
-6.863345e+00 -3.525436e-01 -9.305868e-01
-2.123031e+01 -2.434005e+00 -7.907274e-01
-4.178165e+00 -2.718909e+00 -1.010080e+00
-5.953322e+00 3.251444e-01 -8.508158e-01
-2.275795e+01 -1.504302e+00 4.258047e-01
-3.177676e+01 -2.743458e+00 1.364507e-01
-1.932923e+01 4.200923e-02 -1.908861e-01
-2.018207e+01 -6.686514e-02 -1.071486e+00
-8.199728e+00 -2.801258e+00 -1.620204e+00
-3.362683e+01 2.056908e+00 3.245152e-01
-3.754668e+01 2.310797e+00 -2.998212e-01
-8.002087e+00 -1.015723e+00 -4.106681e-01
-5.431915e+00 8.510472e-01 -6.595334e-01
-6.197198e+00 -2.194494e+00 -7.880951e-01
-1.017367e+01 -5.739644e-01 3.353036e-01
-5.671772e+00 2.229768e-01 -2.882192e+00
-1.522101e+01 1.232455e+00 -2.590725e-01
-1.379362e+01 -8.392932e-01 -6.608505e-01
-1.687101e+01 -5.352415e-01 2.401501e+00
-1.484423e+01 -1.292596e+00 -1.625316e+00
-1.626928e+01 -7.711670e-01 -5.098651e-01
-1.113280e+01 3.019479e+00 -3.864055e-01
-6.032305e+00 1.629361e+00 -7.243628e-01
-4.989467e+00 2.852793e+00 -1.706627e+00
-4.540927e+01 -3.410769e+00 1.897003e+00
-1.061578e+01 7.603858e-01 -4.482721e-01
-1.783201e+01 2.436764e+00 -1.124012e+00
-9.880961e+00 1.311315e+00 -1.313707e+00
-3.997522e+01 -3.230364e+00 9.112026e-01
-2.430906e+01 -3.426560e+00 -8.465937e-01
-6.105194e+00 -3.979461e-01 -6.796105e-01
-2.781967e+01 -6.605185e-01 7.860476e-01
-2.946404e+01 -3.675000e+00 -3.588491e-01
-1.481720e+01 4.131038e-01 -8.166690e-01
-1.243319e+01 -5.878317e-01 -4.152627e-01
-1.346087e+01 1.527614e+00 -1.218550e+00
-1.790025e+01 -1.171871e+00 -7.816710e-01
-8.013726e+00 -2.524326e+00 -1.272667e+00
-8.719749e+01 -2.052767e+00 -1.141615e+00
-1.017994e+01 -2.232761e+00 -1.879528e+00
-1.830946e+01 4.661808e-01 3.887932e-01
-1.362815e+01 -1.377911e+00 -5.128656e-02
-1.162549e+01 1.638039e-01 -2.950410e-01
-9.829132e+00 9.694978e-01 -1.134736e+00
-1.873709e+01 4.349157e+00 -3.663010e+00
-9.887736e+00 -1.773749e-01 -1.402096e+00
-1.130938e+01 9.547445e-02 -3.621997e-01
-1.134569e+01 1.217472e+00 -4.888281e-01
-1.621092e+01 5.201200e+00 -2.843152e+00
-1.042269e+01 -1.669705e-01 -4.171293e-01
-1.969172e+01 1.007701e+00 4.925866e-01
-2.584983e+01 1.161128e+00 1.823669e-01
-1.917408e+01 -1.756089e+00 -8.201357e-01
-1.532750e+01 -2.725934e+00 -1.228234e+00
-1.744139e+01 5.296725e-01 -2.722345e-01
-2.121124e+01 4.468107e+00 1.244763e+00
-1.766686e+01 -8.352367e-01 -1.342374e+00
-6.181266e+01 7.655847e+00 6.172017e+00
-2.516722e+01 -4.319714e+00 -3.972033e-01
-4.988004e+00 1.259960e+00 -5.804616e-01
-1.045542e+01 2.063087e-01 7.420752e-01
-2.546443e+01 -3.263437e+00 1.641102e+00
-3.676518e+01 -6.151885e+00 -8.121405e-01
-3.001745e+01 6.767856e-01 1.987891e-01
-3.743516e+00 -5.742413e-02 2.364664e-02
-8.601315e+00 -5.376101e-01 -1.839941e+00
-1.701945e+01 2.745702e+00 -4.583725e-01
-2.949594e+01 -3.011577e+00 -1.561707e+00
-8.198696e+01 -8.695109e+00 -6.263381e-01
-1.559080e+01 3.470301e+00 -9.868255e-01
-6.306870e+01 -9.169665e+00 1.147856e+00
-1.366382e+01 4.663956e-01 1.635313e-01
-2.210078e+01 2.919252e+00 1.837224e+00
-1.649973e+01 1.074153e+00 2.493843e-01
-1.249247e+01 -9.937735e-01 1.033963e-01
-1.502451e+01 -8.752088e+00 -3.769882e+00
-1.857283e+01 2.541117e+00 -1.160194e+00
-1.968570e+01 4.447526e-02 5.494947e-02
-3.288575e+01 -8.987147e-01 9.748256e-01
-6.855738e+00 1.653796e-01 -1.498364e+00
-1.498610e+01 -3.118021e+00 -2.328049e-01
-1.108739e+01 1.163558e+00 -7.035731e-01
-1.301121e+01 4.016193e-01 -6.454298e-01
-5.865058e+00 -5.351070e-01 -1.417225e+00
-4.802956e+01 8.758643e+00 6.045205e-01
-1.900232e+01 -8.056597e-01 -6.300156e-02
-8.494409e+00 5.497570e-01 6.078226e-01
-1.037273e+01 -1.472450e-01 3.805939e-01
-2.035411e+00 6.777448e-01 -1.369758e-01
-2.144337e+01 3.727188e-01 -9.138886e-01
-3.071048e+01 3.005037e+00 1.483685e+00
-1.336434e+01 8.178664e-01 -9.438983e-01
-2.448308e+01 -2.709212e+00 -1.566135e+00
-2.293205e+01 -1.555730e+00 3.566480e-01
-2.989989e+01 2.044322e+00 -1.133091e+00
-1.277315e+01 -3.906321e+00 -2.415129e+00
-1.598879e+01 -2.741518e+00 -9.796408e-01
-2.835252e+01 -1.175552e+00 5.483783e-01
-1.221989e+01 -1.362283e+00 -1.899962e+00
-1.001576e+01 5.300725e-01 9.233686e-01
-2.118040e+01 -6.203769e-01 -7.937148e-01
-7.004919e+00 2.005754e-01 -2.485859e-01
-1.339835e+01 -3.887352e-01 -4.493479e-01
-1.067495e+01 1.151996e+00 -4.439720e-01
-3.634785e+00 9.334614e-02 -1.199919e-01
-1.399765e+01 -2.606761e+00 4.989128e-01
-2.041651e+01 3.247632e+00 -1.373887e+00
-3.818362e+01 2.758797e+00 -1.675204e+00
-1.561019e+01 -5.279147e-01 2.470515e-01
-1.056017e+01 -6.568805e-01 5.089274e-01
-8.083613e+00 1.793363e+00 -2.212575e+00
-4.053479e+00 9.116838e-01 -7.445850e-01
-1.273933e+01 -2.954815e+00 -2.154149e+00
-5.259658e+00 2.244496e-01 -2.448437e-01
-2.246262e+01 5.912045e+00 -7.471816e-01
-1.256319e+01 5.722759e-01 -2.950631e-01
-3.217204e+01 -1.814947e+00 3.957955e-01
-8.486889e+00 -6.161112e-02 -1.912776e+00
-1.908006e+01 1.501887e+00 -1.279773e+00
-2.940602e+01 2.047683e+00 6.176648e-01
-1.847219e+01 1.820396e+00 -9.260826e-01
-9.176610e+00 3.889300e-01 -1.406189e+00
-2.398247e+01 2.857340e+00 -1.187801e+00
-8.246445e+00 1.500545e+00 -8.829886e-01
-5.757519e+00 -6.429527e-01 -8.994960e-01
-2.117327e+01 -1.964158e+00 -4.709698e-01
-8.184304e+00 -2.203343e+00 -8.928657e-01
-3.014168e+00 1.765255e+00 -9.899287e-01
-7.541548e+00 1.536266e-01 -1.584234e+00
-1.679707e+01 -2.569903e+00 -7.878469e-02
-1.469319e+01 1.500297e+00 -1.527131e+00
-7.506771e+00 6.571467e-01 -2.107648e+00
-1.745568e+01 -1.244761e+00 -2.262990e+00
-1.518831e+01 -1.055132e+00 4.349532e-02
-4.844179e+00 1.475625e-01 -4.517607e-02
-1.464783e+01 6.840431e-01 -2.544691e+00
-1.678703e+01 6.534909e-01 -8.189154e-02
-1.793250e+01 2.229732e+00 -1.007388e+00
-6.522049e+01 -2.643762e+00 -4.714865e-04
-9.701928e+00 1.559314e+00 -6.588717e-01
-2.239942e+01 2.870313e+00 -1.410901e+00
-1.289280e+01 1.354192e+00 7.259548e-01
-1.556546e+01 -2.007690e+00 -5.947059e-01
-8.156670e+00 3.026682e+00 -1.041190e+00
-1.924492e+01 2.402796e+00 -3.643348e-01
-1.286133e+01 1.983082e-01 -3.447211e-01
-1.765094e+01 2.336600e-01 9.199166e-01
-1.136828e+01 -6.854249e-01 -1.163204e+00
-1.964151e+01 -5.780151e+00 -1.839550e+00
-9.339358e+00 -8.671052e-01 -6.856274e-01
-7.723275e-01 4.261470e-01 -2.417429e-01
-7.094318e+00 -1.072909e+00 -1.273161e+00
-1.969955e+01 3.873900e-01 -1.072523e+00
-2.074161e+01 4.798469e-01 -7.378973e-01
-1.889228e+01 -1.533948e+00 8.698244e-01
-4.295328e+01 -1.374329e+00 2.096771e+00
-8.115611e+00 -4.111539e-01 -2.661855e-01
-8.871642e+00 2.666655e+00 -9.731390e-01
-4.821308e+00 -2.352703e-01 -1.630398e-02
-2.814399e+01 -5.548808e-01 1.766325e+00
-2.373785e+01 5.883873e-02 5.379291e-01
-2.844293e+01 3.100052e+00 2.256851e-02
-7.673454e+00 7.721631e-01 -2.592336e+00
-5.934378e+00 3.549059e-01 -1.540580e-02
-4.573519e+01 -1.034502e+01 1.138305e+00
-1.543881e+01 -4.577930e-01 5.698445e-01
-2.343191e+01 3.816941e+00 -1.426414e+00
-2.705260e+01 2.321118e+00 3.201602e-01
-4.739912e+00 -9.172928e-01 -2.753143e-01
-1.984638e+01 -9.766222e-01 -1.419600e+00
-1.457400e+01 -5.354698e-01 5.069957e-01
-2.758947e+01 -2.358130e+00 -2.207519e-01
-1.855396e+01 -2.214738e+00 2.384510e-01
-1.489515e+01 2.549580e-04 1.095476e-01
-1.207756e+01 -2.369694e-01 -4.610446e-01
-1.620708e+01 -2.189344e-01 6.924354e-01
-1.103824e+01 -1.206024e+00 -5.225346e-01
-1.749674e+01 -8.641654e-01 1.192068e-01
-4.159135e+01 -1.279932e+00 -2.306966e+00
-1.633657e+01 -4.329423e-01 -4.965052e-01
-1.435252e+01 4.544783e-01 -1.404778e+00
-3.150036e+01 4.120272e+00 1.529665e-02
-1.115362e+01 1.005564e+00 -1.129170e+00
-1.137248e+01 -4.250559e+00 -1.379677e+00
-4.478098e+00 -9.367662e-01 -6.074783e-01
-7.850322e+00 2.402696e+00 -1.019896e+00
-7.507889e+00 1.410270e+00 -8.133472e-01
-1.353579e+01 5.478052e-02 -3.434018e-01
-4.035286e+01 -1.708408e+00 3.246055e+00
-1.361795e+01 1.115093e+00 1.159838e+00
-1.886800e+01 -2.898757e-01 -2.406436e-01
-1.531933e+01 1.211168e+00 2.323623e+00
-2.086509e+01 -1.749161e-01 -1.391275e+00
-1.881448e+01 -1.579381e+00 -1.734179e+00
-1.852969e+01 -1.606577e+00 5.511997e-01
-6.882015e+00 5.989560e-01 -1.439020e-01
-1.871397e+01 -1.142597e+00 -1.349643e+00
-1.031849e+01 1.085557e+00 -2.108293e+00
-3.243337e+01 -1.205194e+00 2.016024e+00
-3.312673e+01 1.849464e+00 1.242083e+00
-1.447302e+01 1.441972e+00 9.015210e-01
-2.645898e+01 1.687116e+00 -1.396475e+00
-1.365145e+01 1.706856e+00 -1.212524e+00
-1.831057e+01 -1.934168e+00 -4.600043e-01
-9.126614e+00 1.406902e+00 -1.289128e+00
-2.841815e+01 1.030234e+00 5.346245e+00
-1.401375e+01 -1.230387e+00 1.542247e+00
-1.590331e+01 -4.003245e-01 3.819750e-01
-7.924669e+00 -7.769908e-01 -1.169269e+00
-1.939315e+01 2.771805e+00 -4.745858e-01
-1.282670e+01 -7.318886e-01 -1.452670e+00
-2.126579e+01 -1.564234e-01 7.144550e-02
-9.145998e+00 6.002641e-01 -1.810632e+00
-8.225619e+00 -3.033507e+00 -7.139917e-01
-1.866047e+01 -2.119640e+00 -7.314668e-01
-4.527805e+01 5.481580e+00 -2.342648e+00
-1.392580e+01 -1.618462e-01 1.817804e+00
-1.242526e+01 -1.638314e+00 -3.515325e-01
-1.271966e+01 -3.137576e-01 -1.394405e+00
-1.381410e+01 1.704101e+00 -3.128229e+00
-3.576923e+01 4.919831e+00 1.538832e+00
-1.852111e+01 4.261056e-01 -7.823452e-01
-5.894225e+00 -3.741058e-01 -4.847644e-01
-2.359107e+01 -1.898922e+00 3.721146e+00
-9.310970e+00 6.703386e-01 -8.164590e-01
-1.484015e+01 5.388641e-01 -3.810935e-01
-3.598076e+01 -1.860187e-01 7.273830e+00
-1.464352e+01 -1.466756e+00 -9.040079e-01
-1.618692e+01 -3.174855e-01 -8.876866e-01
-1.700929e+01 2.308149e+00 1.528835e+00
-1.637273e+01 8.909258e-01 2.082489e-01
-1.831193e+01 -3.912143e-01 -1.522480e+00
-1.598174e+01 -8.376646e-01 -4.947223e-01
-6.505742e+00 7.820256e-01 -4.770193e-01
-2.007114e+01 8.413476e-01 -4.388353e-01
