# POD basis Psi  shape (68 x 3)  — columns are spatial modes
-1.101162e-01 -2.410174e-01 -2.622565e-01
-1.110895e-01 -2.296992e-01 -2.407898e-01
-1.121321e-01 -2.183825e-01 -2.152570e-01
-1.131369e-01 -2.075053e-01 -1.909502e-01
-1.141045e-01 -1.970416e-01 -1.678216e-01
-1.150352e-01 -1.869667e-01 -1.458264e-01
-1.159293e-01 -1.772577e-01 -1.249226e-01
-1.167871e-01 -1.678929e-01 -1.050709e-01
-1.176090e-01 -1.588519e-01 -8.623421e-02
-1.183954e-01 -1.501155e-01 -6.837808e-02
-1.191466e-01 -1.416657e-01 -5.147007e-02
-1.198628e-01 -1.334853e-01 -3.547987e-02
-1.205445e-01 -1.255583e-01 -2.037912e-02
-1.211919e-01 -1.178694e-01 -6.141306e-03
-1.218054e-01 -1.104040e-01 7.258285e-03
-1.223852e-01 -1.031486e-01 1.984271e-02
-1.229316e-01 -9.609003e-02 3.163343e-02
-1.234448e-01 -8.921591e-02 4.265037e-02
-1.239252e-01 -8.251444e-02 5.291201e-02
-1.243729e-01 -7.597432e-02 6.243543e-02
-1.247882e-01 -6.958477e-02 7.123638e-02
-1.251713e-01 -6.333546e-02 7.932933e-02
-1.255224e-01 -5.721649e-02 8.672751e-02
-1.258416e-01 -5.121832e-02 9.344297e-02
-1.261291e-01 -4.533176e-02 9.948659e-02
-1.263851e-01 -3.954796e-02 1.048682e-01
-1.266097e-01 -3.385833e-02 1.095964e-01
-1.268030e-01 -2.825456e-02 1.136789e-01
-1.269651e-01 -2.272857e-02 1.171223e-01
-1.270961e-01 -1.727247e-02 1.199322e-01
-1.271961e-01 -1.187856e-02 1.221132e-01
-1.272651e-01 -6.539308e-03 1.236690e-01
-1.273031e-01 -1.247302e-03 1.246023e-01
-1.273102e-01 4.004755e-03 1.249148e-01
-1.272863e-01 9.224068e-03 1.246074e-01
-1.272315e-01 1.441778e-02 1.236799e-01
-1.271456e-01 1.959297e-02 1.221313e-01
-1.270286e-01 2.475672e-02 1.199595e-01
-1.268805e-01 2.991608e-02 1.171617e-01
-1.267012e-01 3.507813e-02 1.137341e-01
-1.264905e-01 4.024999e-02 1.096717e-01
-1.262483e-01 4.543883e-02 1.049690e-01
-1.259744e-01 5.065191e-02 9.961903e-02
-1.256688e-01 5.589657e-02 9.361425e-02
-1.253311e-01 6.118030e-02 8.694590e-02
-1.249611e-01 6.651072e-02 7.960426e-02
-1.245587e-01 7.189563e-02 7.157856e-02
-1.241236e-01 7.734302e-02 6.285696e-02
-1.236554e-01 8.286111e-02 5.342652e-02
-1.231539e-01 8.845836e-02 4.327316e-02
-1.226188e-01 9.414351e-02 3.238164e-02
-1.220497e-01 9.992559e-02 2.073551e-02
-1.214461e-01 1.058140e-01 8.317083e-03
-1.208079e-01 1.118185e-01 -4.892632e-03
-1.201344e-01 1.179492e-01 -1.891396e-02
-1.194252e-01 1.242167e-01 -3.376864e-02
-1.186799e-01 1.306322e-01 -4.947982e-02
-1.178980e-01 1.372071e-01 -6.607222e-02
-1.170788e-01 1.439537e-01 -8.357208e-02
-1.162219e-01 1.508847e-01 -1.020073e-01
-1.153266e-01 1.580136e-01 -1.214076e-01
-1.143922e-01 1.653546e-01 -1.418044e-01
-1.134182e-01 1.729225e-01 -1.632309e-01
-1.124037e-01 1.807333e-01 -1.857226e-01
-1.113481e-01 1.888035e-01 -2.093168e-01
-1.102505e-01 1.971508e-01 -2.340531e-01
-1.091102e-01 2.057941e-01 -2.599734e-01
-1.079876e-01 2.143619e-01 -2.817484e-01
