# D_1  D_2  D_3  Sigma_a_1  Sigma_a_2  Sigma_a_3  q_1  q_2  q_3
1.192803e+00 1.801798e+00 1.608506e+00 1.501543e-01 7.930177e-02 9.351989e-01 8.432122e-01 1.308272e+00 5.763583e-01
1.212600e+00 1.302451e+00 8.038267e-01 5.048258e-01 4.803620e-01 9.212808e-01 1.000273e+00 1.189336e+00 9.312808e-01
8.152857e-01 7.813374e-01 1.014409e+00 1.553078e-01 9.310509e-01 7.437453e-01 1.964951e+00 3.740002e-01 1.410094e+00
3.422546e-01 1.804706e+00 1.106614e+00 1.047509e-01 4.869444e-01 6.565628e-01 1.093659e-01 7.491061e-01 8.227358e-01
1.097493e+00 1.100728e+00 5.049229e-01 6.871768e-01 7.946005e-01 7.188631e-01 2.796439e-01 1.844375e+00 8.503561e-02
9.494278e-01 1.233531e+00 1.986065e+00 5.583071e-01 8.981541e-01 5.692629e-01 1.187841e+00 1.394371e+00 1.203089e+00
3.061467e-01 8.952969e-01 8.642726e-01 9.863366e-01 4.234433e-01 3.504885e-01 1.146621e+00 3.872420e-01 1.912225e+00
6.945547e-01 1.913354e+00 2.650383e-01 7.412707e-01 2.791042e-01 1.864485e-01 9.135436e-01 8.472277e-01 1.153162e+00
1.779043e+00 3.072419e-01 1.532620e+00 2.431989e-01 2.036703e-01 5.929423e-01 3.474718e-01 1.562883e-03 1.440950e+00
1.069394e+00 2.187215e-01 7.627264e-01 7.794867e-02 7.418006e-01 4.286139e-01 1.590190e+00 1.461810e+00 7.744135e-01
7.401331e-01 1.128857e+00 8.397483e-01 6.410809e-01 9.749499e-01 8.525914e-02 1.600350e+00 8.713317e-01 4.581171e-01
1.812199e+00 1.375896e+00 1.635026e+00 8.528359e-01 6.907989e-01 1.094027e-01 1.713417e+00 1.914299e+00 6.377143e-01
1.917386e+00 9.103589e-01 1.915515e+00 9.555361e-01 6.202043e-01 8.366387e-01 1.664535e+00 1.145189e+00 1.386834e+00
1.034579e+00 8.560206e-01 4.274565e-01 7.116810e-02 4.375623e-01 5.086223e-01 1.471222e+00 1.059441e+00 1.746834e+00
7.321259e-01 8.883184e-01 3.486709e-01 6.995878e-01 2.824599e-01 7.162747e-01 1.800902e+00 6.878887e-01 1.619114e+00
3.329263e-01 9.577000e-01 1.530872e+00 7.408379e-02 4.770209e-01 2.316154e-01 6.613796e-01 8.672515e-01 4.315330e-01
1.437192e+00 8.348321e-01 6.337661e-01 9.982960e-01 8.866905e-01 8.034665e-01 2.985795e-01 8.145797e-01 5.174959e-02
1.143778e+00 7.973848e-01 1.518762e+00 6.525313e-01 6.224523e-01 5.980092e-01 5.822409e-01 2.636357e-01 1.832098e+00
3.275909e-01 1.555637e+00 3.514484e-01 3.047968e-01 1.992323e-01 5.207910e-01 5.870878e-01 1.951570e+00 1.215286e+00
8.027820e-01 1.481240e+00 1.218966e+00 5.597516e-02 8.180426e-01 8.821157e-01 7.901150e-02 7.896036e-01 1.451594e+00
1.440676e+00 1.506529e+00 1.114128e+00 5.660205e-01 2.594644e-01 3.066507e-01 1.875713e+00 1.643566e+00 6.538543e-02
1.407372e+00 7.396405e-01 4.066977e-01 4.206853e-01 5.516966e-01 3.903174e-01 1.750124e+00 5.427862e-01 5.667555e-01
6.164324e-01 1.450994e+00 1.322814e+00 3.433767e-01 9.956578e-01 2.185489e-01 4.375205e-01 4.372665e-01 1.033125e+00
1.521934e+00 4.972998e-01 1.262874e+00 3.735485e-01 5.343506e-01 9.767730e-01 1.268217e+00 6.314523e-02 1.140306e+00
5.576721e-01 1.847123e+00 1.480125e+00 7.200418e-01 5.380938e-02 7.178372e-01 6.845369e-01 1.217110e+00 3.697394e-01
1.242356e+00 1.204473e+00 1.687720e+00 6.023534e-01 4.153479e-01 2.782537e-01 7.288176e-01 2.426508e-02 6.480636e-01
1.054740e+00 8.838071e-01 1.895177e+00 6.288129e-01 8.116526e-01 3.641349e-01 4.841276e-02 9.285843e-01 1.124538e+00
7.944411e-01 1.993344e+00 4.492055e-01 2.012313e-01 5.280418e-01 3.130920e-01 3.280089e-01 7.681915e-01 6.876756e-01
1.816277e+00 7.599924e-01 1.735565e+00 1.916568e-01 2.763443e-01 2.127453e-01 4.737230e-01 7.962662e-01 9.076205e-01
1.822489e+00 1.044858e+00 1.647079e+00 4.086584e-01 8.484568e-01 6.529899e-01 1.296464e+00 1.028758e+00 1.286988e+00
1.560199e+00 7.572307e-01 1.822628e+00 4.556524e-01 7.191942e-01 6.646653e-01 1.781286e+00 3.004582e-01 1.492242e+00
2.552869e-01 1.843552e+00 1.523196e+00 9.016068e-01 7.245643e-01 6.081052e-01 6.692271e-01 1.861817e+00 1.693097e+00
9.162016e-01 8.755008e-01 1.583711e+00 5.062079e-01 4.701443e-01 9.291087e-01 1.897655e+00 8.766092e-01 1.327462e+00
1.736525e+00 8.545776e-01 1.418708e+00 2.107401e-01 8.273415e-01 9.529933e-01 1.794154e+00 1.491065e+00 6.145478e-01
1.481526e+00 4.399167e-01 5.636143e-01 4.372295e-01 8.071572e-01 8.749913e-01 1.917291e+00 9.705708e-01 1.151602e+00
1.989911e+00 1.116801e+00 5.460705e-01 6.270635e-01 6.461597e-01 6.134909e-01 1.300920e+00 4.890267e-01 1.898720e+00
1.681318e+00 1.632275e+00 2.010048e-01 3.401448e-01 5.715863e-01 9.807224e-01 4.226496e-01 1.631723e+00 1.904017e+00
1.356989e+00 8.590643e-01 7.689686e-01 2.186767e-01 7.751469e-01 7.073374e-01 1.364405e-01 1.956370e+00 6.462648e-01
4.578100e-01 9.002667e-01 1.568858e+00 3.522532e-01 7.508791e-01 2.003281e-01 1.225380e+00 1.524979e+00 1.174370e+00
5.789008e-01 7.292956e-01 1.007916e+00 1.428164e-01 6.594836e-01 5.225962e-01 1.852619e+00 1.697475e+00 2.069671e-01
1.971562e+00 4.201450e-01 1.841089e+00 4.262594e-01 1.413895e-01 8.275965e-01 1.596102e+00 1.215593e+00 1.953774e+00
1.656116e+00 1.064103e+00 1.063709e+00 8.965632e-01 3.844510e-01 1.189011e-01 1.671292e+00 1.182242e+00 7.785633e-01
1.228302e+00 4.551185e-01 1.708474e+00 8.430894e-01 5.324667e-01 9.877094e-01 1.755002e+00 1.654759e+00 7.945097e-01
8.673825e-01 6.439871e-01 4.824556e-01 6.355036e-02 1.340955e-01 3.253720e-01 8.834304e-01 6.226658e-01 1.729087e+00
7.111548e-01 2.810761e-01 1.250061e+00 8.414889e-01 9.161402e-01 8.941538e-01 4.065797e-01 1.295529e+00 3.310119e-01
2.374616e-01 5.232341e-01 1.048708e+00 9.831185e-01 9.908315e-01 2.364340e-01 9.793229e-01 7.331155e-01 1.416936e+00
8.310793e-01 1.732480e+00 1.366974e+00 1.526961e-01 5.817707e-01 9.132092e-01 7.257262e-01 1.991304e-01 1.933312e+00
7.465300e-01 1.499335e+00 4.592261e-01 6.175506e-01 7.880366e-01 2.272886e-01 1.259426e-01 1.608181e+00 7.242519e-01
2.592801e-01 4.285633e-01 9.712978e-01 8.021939e-01 9.354549e-01 3.233927e-01 1.765938e+00 5.328974e-01 9.199105e-01
6.437836e-01 1.394129e+00 1.932731e+00 1.724370e-01 3.026792e-01 1.557640e-01 2.428473e-02 1.381646e+00 1.859615e+00
2.334314e-01 7.503239e-01 1.331074e+00 4.999323e-01 6.392221e-01 7.258761e-01 5.514073e-01 1.173340e+00 1.628993e+00
6.390098e-01 1.424386e+00 1.615594e+00 9.011125e-01 1.602449e-01 1.971249e-01 1.307412e+00 5.123198e-01 3.035609e-01
1.985462e+00 1.792891e+00 1.465983e+00 6.574881e-01 1.940216e-01 3.930567e-01 5.319384e-01 1.543729e+00 8.624589e-01
1.231926e+00 5.495168e-01 1.604798e+00 8.678012e-01 7.403196e-01 9.311172e-01 1.834236e-01 1.088207e-02 6.944743e-01
1.860604e+00 7.096051e-01 8.990798e-01 4.165925e-01 1.849602e-01 6.884744e-01 2.757298e-01 9.769159e-02 7.878382e-01
4.437609e-01 1.957928e+00 5.321750e-01 2.442698e-01 9.012231e-01 6.824018e-01 1.843910e+00 1.731968e-01 1.197356e+00
1.712780e+00 1.826626e+00 1.879239e+00 7.667533e-01 5.466735e-01 3.325704e-01 1.561590e+00 1.596352e+00 1.074212e+00
6.979595e-01 8.424862e-01 1.233913e+00 5.887278e-02 2.934002e-01 7.796823e-01 4.428597e-02 1.203313e+00 1.083927e+00
1.566350e+00 1.960986e+00 1.515784e+00 2.510679e-01 9.550691e-01 9.728241e-01 6.342404e-01 1.593052e+00 1.346326e+00
6.838441e-01 9.771442e-01 3.905731e-01 8.142958e-01 6.840435e-02 7.232861e-01 6.031052e-01 1.887784e+00 1.741009e+00
1.040064e+00 1.313933e+00 6.241583e-01 9.492960e-01 7.339068e-01 7.037420e-01 1.798331e-01 1.557110e+00 1.802734e+00
1.017107e+00 1.380871e+00 8.507049e-01 9.601528e-01 8.285762e-02 8.474436e-01 2.930711e-01 1.519943e+00 1.063762e+00
1.619013e+00 9.389673e-01 1.801793e+00 3.028803e-01 6.780935e-01 4.712198e-01 3.613473e-01 1.879317e+00 1.530089e+00
1.314610e+00 1.421779e+00 1.808918e+00 5.636265e-01 2.375378e-01 5.546837e-01 5.638392e-01 1.090831e+00 1.918502e+00
1.139739e+00 1.348494e+00 2.091909e-01 6.828800e-01 3.441092e-01 8.010942e-01 1.275231e+00 1.207935e+00 1.685207e+00
2.219302e-01 1.035704e+00 1.329290e+00 9.278423e-01 6.361379e-01 3.162406e-01 1.172688e+00 1.417922e+00 1.105668e+00
1.147556e+00 7.230674e-01 1.659270e+00 9.919641e-01 9.464032e-01 5.880876e-01 3.398748e-01 4.654011e-01 4.949224e-01
6.895701e-01 3.452153e-01 1.620338e+00 9.347838e-02 5.733773e-01 6.226709e-01 6.412287e-02 8.283768e-01 8.589729e-01
8.578151e-01 1.583975e+00 4.949144e-01 3.295594e-01 2.281121e-01 2.557402e-01 1.864032e+00 1.003455e+00 1.950245e+00
2.067249e-01 1.104671e+00 1.123427e+00 9.170517e-01 7.048055e-01 1.343354e-01 1.212752e+00 1.348497e+00 1.190012e+00
1.470978e+00 2.155544e-01 8.855166e-01 2.324302e-01 6.892827e-01 9.809576e-02 3.887711e-01 1.340310e+00 1.066919e-01
1.728853e+00 1.728063e+00 1.563169e+00 4.934991e-01 8.585372e-02 6.885668e-02 1.533168e+00 1.670325e+00 1.826539e+00
1.587584e+00 4.856670e-01 1.461674e+00 6.354270e-01 3.678939e-01 4.651454e-01 1.218412e+00 6.827846e-02 1.129727e+00
5.254991e-01 6.994992e-01 9.455423e-01 2.239794e-01 1.969827e-01 7.964602e-01 1.156803e-01 1.352600e+00 1.960097e+00
1.872950e+00 6.420119e-01 6.909642e-01 3.799870e-01 9.420172e-01 6.145019e-01 7.536988e-01 3.812080e-01 1.937210e+00
9.967099e-01 6.752636e-01 5.424891e-01 7.049607e-01 2.059163e-01 8.001099e-01 6.728476e-01 1.933078e+00 3.152218e-01
5.870485e-01 4.993835e-01 6.964926e-01 9.678982e-01 7.522241e-01 1.673830e-01 1.061813e+00 8.244086e-01 1.970876e+00
2.189386e-01 1.021167e+00 6.598672e-01 2.567185e-01 5.858460e-01 8.549251e-01 1.068588e+00 1.793976e+00 1.677041e+00
1.004209e+00 4.676703e-01 1.400382e+00 7.963928e-01 4.012460e-01 7.880353e-01 3.355052e-01 1.777444e+00 1.636865e+00
1.058720e+00 7.052825e-01 1.273055e+00 9.093153e-01 6.377621e-01 6.065147e-01 9.973272e-01 1.421703e+00 9.237645e-01
7.513684e-01 1.311497e+00 1.204807e+00 5.857497e-01 7.489876e-01 1.843374e-01 1.182306e+00 1.286603e+00 7.466186e-01
1.309794e+00 2.422263e-01 1.324145e+00 8.695413e-01 7.118382e-02 8.051734e-01 3.036679e-01 7.289847e-01 8.890468e-01
1.720713e+00 8.223767e-01 7.526874e-01 6.603894e-01 3.572609e-01 6.635011e-01 4.340037e-01 4.954132e-01 2.401179e-02
6.913019e-01 9.260588e-01 5.891822e-01 3.676008e-01 2.563125e-01 2.209905e-01 1.497874e+00 1.304396e+00 1.733413e+00
1.164080e+00 1.379344e+00 1.216506e+00 6.598282e-01 3.284769e-01 4.502696e-01 4.944754e-01 1.973533e+00 1.698442e+00
1.195915e+00 5.959796e-01 8.414519e-01 5.439706e-01 5.799224e-01 3.698415e-01 9.554765e-01 8.507635e-01 5.315028e-01
1.339625e+00 2.635111e-01 5.279747e-01 2.908884e-01 2.135648e-01 6.924457e-02 9.084050e-01 1.904855e-01 1.749367e+00
1.081532e+00 1.187802e+00 1.165235e+00 5.939703e-01 4.583437e-01 8.486012e-01 1.566726e+00 7.548379e-01 1.862414e+00
8.523105e-01 6.510972e-01 2.292341e-01 9.965540e-01 3.925329e-01 8.326801e-01 1.685352e+00 8.117858e-01 2.236384e-01
1.060775e+00 1.762529e+00 1.549393e+00 2.529506e-01 2.575823e-01 2.410789e-01 6.046069e-01 8.016210e-01 1.916211e-01
1.259817e+00 1.783799e+00 6.542484e-01 7.146572e-01 1.729009e-01 6.548166e-01 1.015587e+00 5.697465e-01 1.523412e+00
8.160939e-01 5.627095e-01 9.024012e-01 8.664142e-01 7.081851e-01 5.246810e-01 1.839691e+00 6.198143e-01 1.278573e+00
3.640015e-01 3.777575e-01 1.300991e+00 7.796268e-01 1.756548e-01 9.095973e-01 1.032554e+00 7.729361e-01 9.344101e-01
1.634865e+00 7.467501e-01 1.200660e+00 9.773706e-01 8.794603e-01 3.667238e-01 4.539151e-01 1.712387e+00 3.788632e-01
1.932074e+00 4.619465e-01 9.514432e-01 1.688855e-01 1.713643e-01 5.458871e-01 1.911979e+00 1.588031e-01 1.425638e+00
3.861778e-01 4.788746e-01 4.882627e-01 2.457750e-01 2.153168e-01 7.656637e-01 8.228291e-01 1.673613e-01 1.518999e+00
2.884035e-01 1.078241e+00 4.128868e-01 3.270541e-01 7.385646e-01 7.144863e-01 1.717621e+00 1.481023e+00 6.760952e-01
4.679235e-01 1.837613e+00 8.809239e-01 3.900578e-01 7.362404e-01 2.861390e-01 1.356687e+00 1.320234e+00 1.543734e+00
1.668503e+00 1.386006e+00 1.161552e+00 2.304574e-01 3.230464e-01 6.368168e-01 1.194348e-02 1.142705e+00 1.990869e+00
1.074281e+00 1.108737e+00 7.741300e-01 7.241763e-01 9.406955e-01 2.768029e-01 5.024387e-01 9.075270e-01 6.004658e-02
1.107995e+00 5.029461e-01 4.306013e-01 5.725734e-01 8.349690e-01 8.930414e-01 1.337552e+00 6.994737e-01 1.374838e+00
1.824200e+00 2.543687e-01 1.023662e+00 3.200155e-01 2.739046e-01 6.961162e-01 1.245000e+00 2.684848e-01 1.610317e+00
1.366096e+00 7.736860e-01 7.810787e-01 7.655991e-02 3.906933e-01 5.372127e-01 1.415762e+00 1.797472e+00 1.722465e+00
1.507366e+00 1.896373e+00 1.187103e+00 3.170301e-01 1.597247e-01 9.671756e-01 1.746086e-01 1.638126e+00 4.659772e-02
8.363259e-01 1.543047e+00 9.923349e-01 6.468131e-01 6.183447e-01 5.993981e-02 5.120344e-01 3.203030e-01 1.332496e+00
4.639251e-01 5.302477e-01 1.627649e+00 4.319091e-01 8.032995e-01 4.367307e-01 1.334545e+00 6.252038e-01 1.364161e+00
1.612500e+00 1.319460e+00 1.318801e+00 5.328190e-01 8.378336e-01 8.681094e-01 1.107090e+00 1.785443e+00 1.808448e-01
4.971934e-01 1.278875e+00 6.736979e-01 1.010693e-01 9.173405e-01 8.738369e-02 1.190007e+00 1.929658e-01 5.443239e-01
1.956533e+00 1.603667e+00 1.770455e+00 3.716687e-01 1.444096e-01 1.764724e-01 2.285091e-01 1.413929e+00 5.686528e-02
1.344807e+00 7.035333e-01 3.144905e-01 7.563173e-01 2.110730e-01 1.211488e-01 1.121493e+00 1.566137e+00 4.668971e-01
1.402984e+00 5.731258e-01 2.054521e-01 8.915810e-01 5.096639e-01 2.140129e-01 2.139175e-01 5.585013e-01 3.933347e-01
5.157928e-01 2.342814e-01 1.238907e+00 7.821743e-01 6.725332e-01 7.084320e-01 1.990163e+00 4.193178e-01 7.702964e-01
1.533420e+00 1.677288e+00 8.152678e-01 8.934696e-01 1.016343e-01 1.945982e-01 1.443950e-01 1.729230e+00 1.177027e+00
1.446636e+00 1.987382e+00 6.380311e-01 1.770762e-01 4.352594e-01 1.721156e-01 9.373631e-01 4.422318e-01 9.874727e-01
2.322664e-01 6.295565e-01 1.971620e+00 6.544311e-01 3.377051e-01 9.256935e-01 1.445921e+00 3.245976e-01 1.162791e-01
8.597505e-01 3.302194e-01 7.389001e-01 4.663429e-01 9.101273e-01 3.884237e-01 1.784932e+00 1.783343e-01 9.462050e-01
1.678571e+00 1.490583e+00 6.510454e-01 2.721123e-01 7.714095e-01 1.307250e-01 1.856211e+00 1.228508e+00 1.318173e+00
1.855871e+00 9.547802e-01 3.828440e-01 1.484921e-01 7.565859e-01 6.596878e-01 1.036330e+00 1.770797e+00 7.991259e-01
7.031460e-01 1.152507e+00 1.685225e+00 8.267664e-01 5.907196e-01 5.056307e-01 1.450037e+00 5.968227e-01 5.555206e-01
1.361754e+00 1.473456e+00 8.679465e-01 8.853670e-01 4.931360e-01 4.304869e-01 3.920622e-01 1.817675e-01 6.749682e-01
1.156604e+00 1.893209e+00 1.003309e+00 3.121203e-01 3.319719e-01 7.747191e-01 1.552525e+00 1.883625e+00 3.524525e-01
1.225299e+00 2.576003e-01 1.611298e+00 6.740014e-01 1.138792e-01 5.996921e-01 4.251877e-01 1.868780e+00 1.110599e-01
1.046976e+00 1.860366e+00 8.011093e-01 4.961556e-01 7.730845e-01 5.596562e-01 1.175279e-01 1.908504e+00 1.465908e+00
8.502561e-01 5.142429e-01 1.348509e+00 6.252713e-01 5.956679e-01 5.104096e-01 1.813753e+00 1.986931e+00 8.530369e-01
8.724904e-01 3.747912e-01 1.042587e+00 9.134289e-01 9.939657e-01 3.766012e-01 9.856401e-01 6.103628e-01 1.603048e+00
7.503976e-01 1.281402e+00 9.072507e-01 9.929546e-01 9.498010e-01 8.571974e-01 8.962867e-01 1.503508e+00 1.491197e+00
7.252610e-01 2.455676e-01 1.560575e+00 5.211830e-02 2.429959e-01 2.505560e-01 1.171612e+00 1.892607e+00 3.059458e-01
1.733254e+00 1.169206e+00 1.566349e+00 4.071105e-01 8.407897e-01 2.258725e-01 1.827404e+00 1.659846e+00 1.819343e+00
7.043515e-01 1.648885e+00 1.927972e+00 2.833565e-01 9.192341e-01 5.315659e-01 1.237599e+00 2.545270e-01 1.883292e+00
1.029355e+00 1.535608e+00 1.678577e+00 8.741119e-01 6.661105e-01 6.992270e-01 1.467570e+00 1.027770e+00 1.359089e+00
1.929643e+00 5.876707e-01 9.697544e-01 6.033778e-01 8.733371e-01 8.305244e-01 1.594898e-01 3.287515e-01 9.472721e-02
1.711610e+00 1.866315e+00 4.225495e-01 8.951582e-01 5.997496e-01 4.441440e-01 1.627527e+00 1.623446e+00 9.022827e-01
5.003093e-01 1.596291e+00 1.031395e+00 9.027284e-02 9.232508e-01 3.611696e-01 1.081004e+00 1.754550e+00 1.650018e+00
4.925537e-01 1.715149e+00 2.142881e-01 7.447071e-01 8.050083e-01 5.629122e-01 1.610027e+00 7.942799e-01 1.773883e+00
6.320715e-01 1.903506e+00 1.381980e+00 8.027081e-01 9.998098e-01 6.668814e-01 1.927883e+00 2.596062e-01 1.085536e+00
6.294395e-01 5.491331e-01 1.757750e+00 7.936014e-02 7.544264e-01 7.563381e-01 1.090086e+00 1.035680e-01 4.612230e-01
1.038011e+00 9.183849e-01 1.440230e+00 7.731610e-01 5.211632e-01 7.296931e-02 7.753210e-01 6.837337e-01 1.512735e+00
1.946073e+00 3.374681e-01 1.888324e+00 2.489664e-01 5.014621e-01 6.850773e-01 9.816119e-02 1.539666e+00 8.124222e-01
8.881940e-01 1.701528e+00 1.760929e+00 9.466431e-01 5.429176e-01 5.142154e-01 1.959547e+00 6.536886e-01 1.220486e+00
1.450319e+00 6.826555e-01 7.090401e-01 9.391199e-01 4.307465e-01 6.872166e-01 1.890048e+00 4.627596e-02 8.476198e-01
9.363152e-01 1.681893e+00 1.294522e+00 9.273450e-01 4.661701e-01 4.599379e-01 2.270943e-01 1.495571e+00 1.636238e-01
1.868107e+00 4.938629e-01 3.574242e-01 7.150854e-01 3.059380e-01 5.652298e-01 1.016460e+00 5.926392e-01 1.509916e+00
5.667775e-01 7.176323e-01 4.952456e-01 6.340354e-01 7.529993e-02 2.594647e-01 6.183872e-01 8.361423e-01 1.247687e+00
1.921547e+00 1.149171e+00 1.458735e+00 8.398801e-01 9.601431e-01 3.264046e-01 4.561157e-01 5.268779e-02 1.123287e+00
3.136219e-01 1.814670e+00 1.468154e+00 1.466497e-01 8.839340e-01 5.265828e-01 1.770420e+00 1.645928e+00 1.065881e+00
2.820001e-01 1.723386e+00 3.032321e-01 9.620425e-01 2.651491e-01 1.800660e-01 1.362501e+00 9.529567e-01 8.957733e-01
9.953466e-01 3.358441e-01 1.855971e+00 9.437590e-01 9.887776e-01 3.744869e-01 1.427710e+00 1.038198e+00 1.329328e+00
1.697145e+00 1.586015e+00 1.652055e+00 1.524770e-01 1.255026e-01 1.266361e-01 1.432653e+00 2.331530e-01 1.663558e-01
2.652879e-01 9.871771e-01 1.901206e+00 7.509625e-01 4.618658e-01 9.418668e-01 1.111732e+00 8.329656e-01 1.095849e+00
1.203650e+00 1.194195e+00 1.861603e+00 1.333799e-01 7.240657e-01 4.024114e-01 3.195606e-01 1.265025e+00 1.544933e+00
1.631631e+00 1.323772e+00 9.133863e-01 4.853910e-01 6.534703e-01 1.035144e-01 1.558255e+00 4.008366e-01 1.563336e+00
7.343178e-01 6.172619e-01 1.066656e+00 7.916118e-01 8.005498e-01 9.379377e-01 5.962953e-01 3.559674e-01 9.487595e-03
1.316092e+00 1.402138e+00 5.373310e-01 2.816631e-01 4.291155e-01 5.823609e-02 1.675726e+00 4.214792e-01 6.974759e-01
3.590047e-01 1.674993e+00 1.433977e+00 8.784773e-02 2.703253e-01 5.583984e-01 7.102204e-01 7.012701e-01 1.363352e+00
1.138698e+00 3.232230e-01 7.587949e-01 3.938310e-01 4.650649e-01 2.440604e-01 1.993039e+00 1.401932e-01 1.885232e+00
1.420702e+00 1.119690e+00 9.634438e-01 9.234299e-01 6.794635e-01 8.627518e-01 1.682234e+00 4.617562e-01 7.015925e-01
6.403255e-01 4.748463e-01 1.421817e+00 9.215492e-01 2.410590e-01 7.613025e-02 1.851693e-03 1.210989e+00 1.017780e+00
6.797188e-01 1.514423e+00 1.136422e+00 4.190793e-01 6.953014e-01 4.464978e-01 1.196386e+00 1.328202e-01 1.573089e+00
6.094860e-01 1.216053e+00 7.481963e-01 7.334496e-01 1.740654e-01 4.324818e-01 8.579865e-01 1.607794e+00 7.600669e-01
1.000493e+00 1.096609e+00 1.208061e+00 4.381001e-01 7.924723e-01 7.470265e-01 1.841973e-01 1.708954e-01 1.295921e+00
3.155139e-01 1.308700e+00 1.097848e+00 3.707999e-01 5.056989e-01 1.912478e-01 6.203416e-01 1.123197e+00 1.456048e+00
1.997734e+00 1.612051e+00 1.385698e+00 3.361493e-01 8.879461e-01 5.674362e-01 7.511167e-01 2.103089e-01 4.698632e-01
8.959766e-01 1.191394e+00 1.936374e+00 5.103387e-01 5.612909e-01 4.550286e-01 7.897655e-01 6.913171e-01 1.398312e+00
1.671381e+00 2.944878e-01 7.881880e-01 4.530822e-01 8.755511e-01 2.077854e-01 9.278696e-01 6.287298e-01 1.266027e+00
1.529552e+00 1.887145e+00 7.833449e-01 2.592363e-01 9.279120e-01 4.730330e-01 1.807040e+00 1.953980e+00 1.136722e-01
1.890897e+00 7.276251e-01 1.177166e+00 5.176909e-01 1.453722e-01 1.572956e-01 1.048719e+00 9.121228e-01 2.441212e-01
1.775139e+00 7.139564e-01 1.919553e+00 8.782407e-01 4.829579e-01 7.002373e-01 5.432363e-02 1.158224e+00 5.946225e-01
4.515958e-01 1.805641e+00 1.079567e+00 6.131006e-01 9.885973e-01 8.164079e-01 1.267329e+00 2.813691e-01 4.882389e-01
1.653440e+00 1.370737e+00 5.224400e-01 3.018772e-01 8.306006e-01 7.709431e-01 5.889793e-01 1.824407e-02 2.493827e-01
7.738685e-01 1.937355e+00 1.257688e+00 2.364793e-01 2.441125e-01 9.890905e-01 4.019242e-01 1.359519e+00 1.096349e+00
6.589457e-01 7.420756e-01 1.415090e+00 5.495038e-01 6.672739e-02 6.567797e-02 1.695840e+00 5.776426e-01 6.418589e-01
7.380970e-01 8.293680e-01 8.117367e-01 8.194848e-01 5.489057e-01 1.014536e-01 1.881580e+00 4.061999e-01 1.759876e+00
5.487381e-01 1.463890e+00 6.995747e-01 6.665780e-01 9.011902e-01 1.130641e-01 7.935640e-01 1.443876e+00 1.320897e+00
7.980969e-01 1.850136e+00 7.348065e-01 1.943050e-01 4.457367e-01 8.955166e-01 1.165236e+00 9.038175e-02 2.379770e-01
1.835927e+00 8.134535e-01 1.975101e+00 7.605432e-01 1.676120e-01 9.741022e-01 8.151382e-01 4.593150e-01 9.540313e-01
8.823257e-01 1.339447e+00 1.292487e+00 3.514837e-01 2.210307e-01 7.723160e-01 3.807100e-02 1.222769e+00 2.999207e-01
1.173570e+00 1.137265e+00 2.865241e-01 6.848716e-01 5.387218e-01 1.288550e-01 1.494857e-01 1.283794e-02 6.192727e-01
1.505353e+00 4.474448e-01 4.806404e-01 4.350542e-01 7.794182e-01 9.276906e-01 2.396943e-01 1.236486e-01 4.341551e-01
1.994596e+00 3.875755e-01 9.093662e-01 6.298466e-01 5.297688e-01 9.021074e-01 2.677450e-01 3.654273e-01 1.157871e+00
1.645089e+00 1.784218e+00 1.665949e+00 7.471009e-01 6.431960e-01 4.668666e-01 1.548191e-01 1.407442e+00 9.758892e-01
1.052073e+00 1.266729e+00 1.241058e+00 4.297941e-01 6.327299e-01 3.576266e-01 2.487328e-01 1.981770e+00 6.719869e-01
1.281186e+00 5.315217e-01 2.499005e-01 2.650430e-01 3.470049e-01 5.107208e-02 1.024121e-01 1.328923e+00 2.675063e-01
4.145848e-01 6.946127e-01 1.412868e+00 6.396721e-01 8.092194e-01 2.581559e-01 1.410144e-01 1.374554e+00 3.991870e-01
6.022228e-01 6.088823e-01 1.055814e+00 4.920987e-01 3.946897e-01 9.586934e-01 2.295561e-02 1.828860e+00 7.553065e-01
1.975270e+00 9.635031e-01 4.262724e-01 5.292562e-01 5.821528e-01 9.161459e-01 8.464024e-01 4.748684e-01 3.479322e-01
8.851752e-01 1.368055e+00 1.579738e+00 1.219011e-01 9.469215e-01 3.539924e-01 1.635028e+00 7.201531e-01 1.647158e+00
2.502009e-01 4.359991e-01 1.135623e+00 6.798642e-01 8.725355e-01 7.398488e-01 4.863629e-01 2.784442e-01 1.523013e-01
7.146777e-01 1.073232e+00 1.870764e+00 6.459296e-01 3.670503e-01 2.159417e-01 1.518804e+00 8.428638e-01 2.802301e-01
6.643726e-01 1.326909e+00 1.867914e+00 2.408645e-01 9.970703e-01 3.879170e-01 7.038737e-01 1.832848e+00 1.943612e+00
1.017353e+00 1.433984e+00 9.878932e-01 8.552356e-01 2.537564e-01 4.607297e-01 1.885969e+00 2.642479e-01 1.754061e-01
1.581775e+00 9.081992e-01 9.980872e-01 6.082037e-01 8.235530e-01 9.614929e-01 4.117101e-01 3.984870e-01 4.383275e-01
1.200567e+00 1.525869e+00 1.556960e+00 7.032281e-01 4.850194e-01 5.707851e-02 1.809445e+00 1.971724e+00 1.435335e+00
1.027647e+00 7.668968e-01 5.126553e-01 5.256938e-01 9.630267e-01 6.117152e-01 1.156825e+00 1.675737e+00 1.219769e+00
1.512974e+00 1.455461e+00 1.428360e+00 5.085796e-01 1.792146e-01 3.109366e-01 7.359865e-01 3.169037e-01 1.350198e+00
1.685632e+00 4.658027e-01 3.167065e-01 6.432610e-01 6.135887e-01 7.827439e-01 1.290669e+00 1.615886e+00 1.407276e+00
2.853906e-01 1.082892e+00 1.776760e+00 6.217091e-01 5.226394e-01 9.479870e-01 1.096297e+00 1.296722e+00 1.849936e+00
1.742870e+00 1.419575e+00 2.781308e-01 7.361232e-01 5.635775e-01 8.246786e-01 1.403525e+00 1.180476e-01 1.537480e+00
6.708383e-01 1.580327e+00 8.976581e-01 8.297511e-02 1.183619e-01 2.027613e-01 1.398880e+00 2.006491e-01 8.375828e-01
7.814069e-01 1.495831e+00 1.067898e+00 4.243648e-01 7.645121e-01 5.338031e-01 1.984064e+00 1.619137e+00 2.009358e-01
1.205213e+00 1.967162e+00 1.027834e+00 8.169461e-01 1.528123e-01 4.889336e-01 8.099976e-01 1.811700e+00 3.805237e-01
2.615397e-01 1.122889e+00 8.067816e-01 4.109234e-01 5.774473e-01 4.225287e-01 1.491999e+00 1.069300e+00 1.555825e+00
9.232697e-01 3.092954e-01 9.565530e-01 8.452179e-01 4.137787e-01 5.348714e-01 1.593631e+00 1.043828e+00 8.088050e-01
5.987176e-01 1.436549e+00 1.390065e+00 2.932662e-01 1.647022e-01 3.446356e-01 9.077883e-01 1.782654e+00 1.147562e+00
1.115038e+00 3.870583e-01 1.985295e+00 9.341701e-01 5.928231e-01 5.392090e-01 1.005754e+00 1.890979e+00 9.675014e-02
2.785608e-01 1.770118e+00 1.051560e+00 7.181573e-01 5.936493e-02 1.254486e-01 4.912102e-01 8.191331e-01 1.260657e+00
5.034812e-01 1.695976e+00 1.305175e+00 9.889068e-01 7.185347e-01 6.142114e-02 1.699457e+00 5.678124e-01 1.657676e+00
1.498288e+00 5.983318e-01 3.293391e-01 3.834875e-01 6.821806e-01 6.020759e-01 1.942345e+00 7.826609e-01 1.103159e+00
3.884822e-01 1.671392e+00 1.947790e+00 7.650415e-01 1.512497e-01 2.966164e-01 1.278054e+00 8.906941e-01 1.776886e+00
1.431971e+00 1.715842e+00 1.657881e+00 8.043855e-01 3.488768e-01 8.888271e-01 1.759114e+00 9.250449e-01 8.002244e-01
1.827832e+00 3.641575e-01 5.159624e-01 8.570882e-01 3.961385e-01 4.845511e-01 1.201318e+00 1.391668e+00 1.927725e+00
5.170554e-01 1.069222e+00 2.801171e-01 8.095095e-02 3.404638e-01 9.465258e-01 5.792129e-02 1.151070e+00 7.358208e-01
3.442680e-01 1.907622e+00 4.559546e-01 9.509445e-01 6.516860e-01 4.687893e-01 2.818194e-01 1.015771e+00 1.625673e+00
1.769849e+00 1.128694e+00 1.377298e+00 6.326491e-01 8.908940e-01 9.697314e-01 1.119413e+00 7.265389e-01 6.899295e-01
1.168724e+00 1.294782e+00 1.814677e+00 5.353361e-01 1.679333e-01 4.570082e-01 4.676863e-01 1.660926e+00 5.148254e-01
1.607003e+00 1.818951e+00 2.171179e-01 9.431656e-02 9.807121e-01 7.416520e-01 4.287076e-01 3.385604e-01 1.170955e+00
9.650641e-01 6.255357e-01 1.989671e+00 3.807954e-01 8.637522e-02 1.531080e-01 8.314170e-01 1.162217e+00 1.038581e+00
1.111263e+00 1.942213e+00 6.075269e-01 1.449766e-01 6.057681e-01 9.008965e-01 1.241395e+00 1.748718e+00 7.856282e-02
1.235090e+00 1.659801e+00 1.193506e+00 2.753274e-01 7.908775e-01 9.517992e-01 6.497490e-01 1.721232e+00 9.581291e-01
9.579535e-01 1.706432e+00 1.599705e+00 5.372423e-01 6.605792e-01 3.440733e-01 2.682206e-01 1.435890e+00 1.985196e+00
8.785877e-01 1.090095e+00 4.711638e-01 3.228151e-01 1.819695e-01 3.859131e-01 9.469274e-01 1.879429e-01 1.768824e-01
7.875434e-01 1.663522e+00 7.973936e-01 7.101613e-01 9.675949e-01 7.371581e-01 1.302371e-01 6.021453e-01 9.151549e-01
1.555164e+00 3.039116e-01 1.108919e+00 9.748996e-01 9.245650e-01 8.390735e-01 1.581425e+00 1.153513e+00 3.584573e-01
1.628735e+00 1.251459e+00 5.537142e-01 4.582456e-01 4.688593e-01 4.250747e-01 1.229730e+00 1.198879e+00 2.274884e-02
5.721814e-01 1.239170e+00 7.124420e-01 1.968740e-01 9.822440e-02 9.036996e-01 1.923637e+00 2.161449e-01 1.410365e-01
9.326143e-01 9.601276e-01 7.049798e-01 9.257682e-01 1.400736e-01 3.486691e-01 8.847845e-01 1.515729e+00 6.839575e-01
9.449489e-01 2.764103e-01 8.613024e-01 6.889609e-01 1.059193e-01 8.094428e-01 7.617996e-01 1.837760e+00 8.785126e-01
1.291638e+00 8.114739e-01 7.197459e-01 2.792086e-01 6.256828e-01 1.471390e-01 5.781061e-01 3.403177e-01 3.480034e-01
1.091812e+00 1.683460e+00 3.712801e-01 4.488920e-01 9.143031e-02 8.075894e-01 8.554226e-01 6.562222e-02 1.582494e+00
1.270942e+00 1.397834e+00 9.258333e-01 8.721254e-01 1.545775e-01 1.633075e-01 6.117268e-01 1.327014e+00 9.647240e-01
1.279235e+00 1.755408e+00 1.980216e+00 6.372022e-01 2.886574e-01 9.978800e-01 1.309035e+00 1.996083e+00 1.012830e-01
1.468495e+00 1.796634e+00 1.591230e+00 4.596813e-01 8.765223e-01 6.606361e-01 7.403189e-01 1.099538e+00 1.369633e+00
1.598752e+00 2.670446e-01 1.702468e+00 9.722658e-02 6.277488e-01 9.864164e-01 3.647052e-01 2.374637e-01 5.401618e-01
3.561258e-01 6.181292e-01 1.824441e+00 4.699999e-01 4.482080e-01 4.429247e-01 4.962300e-01 9.419222e-01 1.632159e+00
1.211118e+00 2.316876e-01 1.802340e+00 2.080814e-01 5.185791e-01 7.862392e-01 1.317477e+00 7.852844e-01 4.418773e-01
1.675693e+00 1.230396e+00 5.589172e-01 3.756792e-01 7.096240e-01 7.979970e-01 7.449650e-01 1.170375e+00 1.902889e+00
1.127475e+00 6.913125e-01 4.160573e-01 8.354401e-01 4.060661e-01 4.972079e-01 7.800006e-01 1.233404e+00 1.194071e+00
1.593132e+00 1.406865e+00 4.762403e-01 7.073634e-01 5.560850e-01 4.338518e-01 1.575425e+00 3.693011e-01 1.400724e+00
4.402354e-01 1.228749e+00 8.759145e-01 3.123631e-01 8.436373e-01 6.838120e-01 8.035084e-01 1.626123e+00 1.592197e+00
5.917895e-01 3.197041e-01 1.488102e+00 9.783629e-02 6.169977e-01 7.839756e-01 1.740595e+00 1.365607e+00 4.144416e-01
2.284210e-01 6.689439e-01 1.843910e+00 2.925031e-01 7.005307e-01 3.991597e-01 5.050263e-01 1.859502e+00 1.910423e+00
2.153789e-01 1.838044e+00 8.550285e-01 8.596132e-01 8.476684e-01 6.903163e-01 7.592319e-02 9.333597e-01 1.668860e-02
9.559520e-01 9.340394e-01 1.950977e+00 6.116734e-01 2.507702e-01 3.010166e-01 4.151118e-01 1.812488e+00 9.781722e-01
1.151805e+00 1.143321e+00 1.281652e+00 2.031989e-01 5.746104e-01 6.262168e-01 1.702122e+00 1.854738e+00 2.589285e-01
4.825900e-01 1.774333e+00 8.922404e-01 7.426491e-01 5.374258e-01 6.037036e-01 6.413363e-01 1.427062e+00 1.239378e-01
1.784649e+00 1.447929e+00 5.996369e-01 1.021017e-01 2.518269e-01 3.839065e-01 1.526215e+00 7.477429e-01 1.999484e+00
1.578157e+00 5.647955e-01 3.635762e-01 8.982908e-01 3.735128e-01 7.357279e-01 1.511021e+00 1.455143e-01 7.241081e-02
4.352128e-01 6.593499e-01 1.342996e+00 6.590358e-02 7.218645e-01 8.203615e-01 1.440457e+00 5.618002e-01 8.042671e-01
8.648816e-01 1.878912e+00 1.227670e+00 5.865362e-01 6.273438e-01 4.923635e-01 3.964693e-01 2.509296e-01 1.009161e+00
9.819861e-01 1.700768e+00 4.521308e-01 1.741612e-01 1.779818e-01 1.158471e-01 1.428284e+00 1.849730e+00 1.115242e+00
1.518865e+00 1.622572e+00 1.680176e+00 2.386812e-01 6.836913e-01 8.596487e-01 1.689009e+00 9.479893e-01 7.316327e-01
4.893833e-01 8.840663e-01 1.828183e+00 7.932277e-01 2.667484e-01 5.461664e-01 7.716231e-01 1.709915e+00 4.078260e-01
1.781252e+00 1.532359e+00 2.338738e-01 3.588683e-01 4.789708e-01 3.184334e-01 7.562416e-01 9.606976e-01 1.612839e+00
1.985726e+00 4.718864e-01 1.115139e+00 5.717523e-01 8.559295e-01 1.011018e-01 7.862837e-01 1.995159e+00 5.981213e-01
8.939728e-01 1.210132e+00 1.641311e+00 4.120356e-01 1.476572e-01 9.164099e-01 1.531110e+00 1.136431e+00 1.524826e+00
1.611021e+00 1.135402e+00 1.637434e+00 7.520653e-01 8.580214e-01 8.423046e-01 3.735241e-01 1.133393e+00 1.673794e+00
4.204145e-01 1.391437e+00 1.741190e+00 8.495407e-01 4.442868e-01 8.724225e-01 1.323727e+00 9.726806e-01 1.839034e+00
1.914186e+00 1.918645e+00 2.463546e-01 1.866347e-01 6.034692e-01 9.121416e-01 2.056670e-01 1.459103e+00 1.783401e+00
1.641251e+00 1.214565e+00 1.958988e+00 4.301185e-01 4.270898e-01 4.791125e-01 1.295317e+00 1.583321e+00 1.497728e-01
5.350980e-01 1.061859e+00 1.409540e+00 9.646702e-01 2.123379e-01 8.132347e-01 1.325734e-01 1.087033e+00 1.070307e+00
1.044739e+00 2.373344e-01 3.749721e-01 7.253934e-01 9.346649e-01 2.909323e-01 1.726846e+00 1.553716e+00 5.823830e-01
1.760127e+00 1.719678e+00 5.082146e-01 3.332881e-01 9.690090e-01 5.783825e-01 6.769494e-01 1.843077e+00 1.455791e+00
2.524249e-01 1.553127e+00 6.693100e-01 3.451326e-01 5.412100e-01 7.331984e-01 1.393728e+00 1.319616e+00 7.571526e-01
1.103261e+00 1.443210e+00 1.538498e+00 7.290937e-01 7.639109e-01 1.608759e-01 8.625724e-02 1.589301e+00 4.789646e-01
1.751102e+00 6.883281e-01 2.376653e-01 7.207770e-01 7.965054e-01 5.735170e-01 5.421119e-01 4.937150e-02 8.188300e-01
1.240118e+00 6.482618e-01 1.358564e+00 7.785219e-01 7.842699e-01 7.592962e-01 1.958427e-01 1.051396e+00 1.185928e+00
4.301662e-01 1.751589e+00 3.060819e-01 3.313938e-01 9.259623e-01 3.373120e-01 1.059165e+00 4.274105e-01 8.324541e-01
2.993233e-01 3.701203e-01 1.858661e+00 2.141708e-01 3.307571e-01 8.768481e-01 9.563761e-01 8.613314e-01 1.978970e+00
1.188208e+00 3.279854e-01 7.027850e-01 5.766781e-01 3.795721e-01 7.684117e-01 1.366842e+00 7.841753e-02 4.355344e-02
5.925354e-01 1.290043e+00 3.850279e-01 5.441933e-01 9.577869e-01 2.616204e-01 7.767162e-01 4.544503e-01 7.384140e-01
3.947688e-01 1.637088e+00 1.719528e+00 9.811219e-01 4.050218e-01 9.502773e-01 1.605463e+00 1.800077e+00 9.935803e-01
1.501486e+00 1.502563e+00 7.444377e-01 1.630779e-01 3.408460e-01 8.110937e-01 1.404091e+00 1.966403e+00 5.516666e-01
7.178816e-01 1.890409e+00 1.789186e+00 7.872056e-01 6.074565e-01 6.281662e-01 1.100479e+00 1.827561e+00 1.337221e+00
1.375157e+00 1.269573e+00 1.944109e+00 3.642547e-01 2.813071e-01 4.545232e-01 1.486877e+00 6.352265e-01 1.871946e+00
1.132413e+00 4.338850e-01 6.039737e-01 3.484146e-01 7.443582e-01 5.845958e-01 1.653396e+00 4.992360e-01 4.195695e-01
1.547164e+00 1.652283e+00 1.435740e+00 4.009082e-01 1.914576e-01 4.517489e-01 5.118624e-01 1.727617e+00 1.709670e+00
5.231359e-01 1.346511e+00 1.831967e+00 9.537336e-01 2.922092e-01 1.084926e-01 1.618171e+00 1.946482e+00 1.588017e+00
8.413703e-01 1.833624e+00 4.683716e-01 4.739916e-01 8.987804e-02 1.400838e-01 9.713066e-01 3.919988e-02 3.412144e-02
1.219518e+00 1.323073e+00 4.451219e-01 8.752912e-01 9.814559e-01 7.138426e-02 5.719706e-01 4.878472e-01 4.840605e-01
1.021828e+00 1.529284e+00 1.504665e+00 4.731754e-01 8.654100e-01 8.582640e-01 1.791915e+00 3.513181e-01 2.899819e-01
1.807793e+00 1.708890e+00 1.512855e+00 8.862433e-01 7.981579e-01 8.737425e-01 8.739553e-01 1.402334e+00 1.385835e-01
7.682111e-01 5.410810e-01 1.675411e+00 4.657444e-01 8.685949e-01 4.127365e-01 1.494311e+00 4.153523e-02 1.691412e+00
1.493188e+00 1.952037e+00 1.965858e+00 5.794568e-01 1.621867e-01 4.751373e-01 5.165483e-01 5.822852e-01 1.380030e+00
2.021581e-01 1.198807e+00 1.096220e+00 6.977885e-01 2.202653e-01 6.692028e-01 1.662596e+00 3.473232e-01 1.077399e+00
1.350308e+00 2.923314e-01 1.851448e+00 9.156435e-01 3.556289e-01 9.230689e-01 9.654278e-01 1.067845e+00 6.254952e-01
1.011602e+00 5.813989e-01 1.444844e+00 3.559847e-01 8.208645e-01 6.094998e-01 1.631120e+00 1.256454e+00 1.506361e+00
1.336090e+00 1.463031e+00 2.400865e-01 4.402773e-01 2.383799e-01 6.492758e-01 1.326279e+00 5.546455e-01 6.331366e-01
1.887731e+00 1.015646e+00 9.326196e-01 9.728084e-01 3.600191e-01 5.937194e-01 1.902132e-01 5.740465e-01 1.670861e+00
1.896383e+00 1.488471e+00 7.293279e-01 5.505914e-01 8.260471e-01 7.583609e-01 2.351184e-01 4.330860e-01 1.794445e+00
1.296190e+00 7.864865e-01 6.200070e-01 5.143063e-01 6.150094e-01 1.983844e-01 2.553478e-01 2.085457e-02 1.297721e+00
1.319953e+00 9.371762e-01 1.997570e+00 1.587761e-01 6.931964e-02 1.170506e-01 1.154522e+00 1.411310e+00 3.618528e-01
6.734477e-01 1.924827e+00 7.251673e-01 9.367108e-01 7.463858e-01 7.306238e-01 6.883922e-01 1.008801e+00 1.304061e+00
1.416048e+00 5.368222e-01 3.084708e-01 8.330956e-01 9.072606e-01 1.707726e-01 1.253976e+00 1.927641e+00 1.012762e+00
1.661595e+00 8.069862e-01 1.129068e+00 3.250507e-01 5.688458e-01 4.805470e-01 7.235408e-01 4.706418e-01 1.535921e+00
3.745125e-01 9.699656e-01 1.151824e+00 4.020339e-01 1.839314e-01 8.846127e-01 1.314949e+00 1.632610e+00 1.753296e+00
1.792268e+00 1.299858e+00 1.780970e+00 8.909720e-02 6.426850e-01 4.170397e-01 1.962373e+00 1.939065e+00 7.893744e-01
2.704862e-01 1.635005e+00 1.796780e+00 9.485514e-01 8.957907e-01 1.644479e-01 1.776251e+00 4.500621e-01 5.020389e-01
1.425338e+00 1.872975e+00 1.954761e+00 9.118270e-01 1.947777e-01 3.052339e-01 1.735896e+00 1.758204e+00 2.548200e-01
1.244421e+00 9.491019e-01 6.644840e-01 2.055510e-01 3.340706e-01 8.259394e-01 1.820108e+00 1.431361e+00 1.043788e+00
1.551888e+00 7.762028e-01 5.176763e-01 8.462698e-01 9.448014e-01 9.083936e-01 1.744557e+00 1.667933e+00 1.972510e+00
1.387277e+00 3.477094e-01 1.903351e+00 7.748696e-01 9.780579e-01 9.409218e-01 1.584273e+00 1.497514e+00 1.394346e+00
2.752081e-01 6.107846e-01 1.395843e+00 6.820433e-01 6.964005e-01 1.823426e-01 8.784818e-01 1.022831e+00 1.165351e+00
1.168321e+00 1.640920e+00 1.449151e+00 5.234085e-01 7.065923e-01 3.997050e-01 1.929930e+00 1.528409e+00 8.963581e-01
4.029238e-01 2.469742e-01 2.704890e-01 5.966227e-01 8.315133e-01 5.505809e-01 1.907739e+00 6.780790e-01 1.453968e-01
9.065060e-01 1.332547e+00 4.872031e-01 1.158525e-01 5.971817e-02 2.845909e-01 1.834495e+00 1.678117e+00 1.258612e+00
9.455990e-01 1.264060e+00 3.921872e-01 2.693719e-01 6.648948e-01 9.199948e-01 1.998255e+00 2.122607e-01 1.796744e+00
1.803570e+00 1.778439e+00 1.939451e+00 1.997090e-01 5.505255e-01 6.795098e-01 9.209073e-02 1.901731e+00 1.058369e+00
1.390905e+00 1.182832e+00 1.086808e+00 3.616061e-01 5.667161e-01 4.047655e-01 1.031815e+00 1.126991e+00 1.596484e-01
1.601245e+00 1.983869e+00 2.637050e-01 7.319640e-01 3.718298e-01 2.832989e-01 9.938133e-01 6.681661e-01 1.974613e-01
1.542258e+00 1.341655e+00 1.277886e+00 1.299728e-01 9.850902e-01 3.587731e-01 5.570634e-01 8.932329e-01 1.414806e+00
8.253623e-01 3.548184e-01 4.088367e-01 1.255635e-01 8.619147e-01 1.117345e-01 4.700000e-01 1.550678e+00 1.707104e+00
1.766723e+00 5.268664e-01 2.595998e-01 1.775969e-01 6.931095e-01 6.715278e-01 9.197840e-01 6.444270e-01 1.421969e+00
1.573874e+00 1.916878e+00 1.731842e+00 9.658224e-01 5.939504e-01 2.933172e-01 1.331023e+00 9.110614e-01 6.598327e-01
3.721509e-01 1.978660e+00 1.836853e+00 9.802348e-01 6.303048e-01 5.819470e-01 3.124156e-01 9.219334e-01 1.568910e+00
8.405583e-01 6.019724e-01 4.341005e-01 5.697435e-01 5.548412e-01 1.593708e-01 6.822120e-01 7.118155e-01 1.895077e+00
5.101840e-01 1.539392e+00 5.847992e-01 9.311135e-01 8.342535e-01 6.414074e-01 1.249701e+00 1.082662e+00 7.119729e-01
1.693359e+00 1.260496e+00 5.616624e-01 5.608369e-01 1.366236e-01 9.654267e-01 6.526309e-01 8.541348e-01 1.228947e+00
1.268393e+00 1.174246e+00 1.763700e+00 8.640855e-01 1.326158e-01 5.403039e-01 1.622670e+00 9.035816e-01 1.854565e+00
1.568877e+00 9.437123e-01 2.190404e-01 1.649981e-01 7.133175e-01 7.927925e-01 1.416644e+00 1.650223e+00 8.500695e-01
1.410660e+00 1.006365e+00 1.175059e+00 2.354173e-01 3.172694e-01 1.453230e-01 1.730813e+00 3.891755e-01 4.015296e-01
4.554455e-01 8.934091e-01 1.630154e+00 2.121337e-01 3.886400e-01 6.788726e-01 2.224301e-01 9.783898e-01 1.682033e+00
1.965303e+00 4.417981e-01 7.266802e-01 9.407219e-01 2.471041e-01 5.122585e-01 3.489304e-01 9.848883e-01 1.497784e+00
1.799440e+00 4.913581e-01 1.376806e+00 4.428494e-01 4.736135e-01 5.495262e-01 1.948267e+00 9.177414e-01 1.566715e+00
6.237920e-01 4.134764e-01 6.444913e-01 8.578017e-01 5.352351e-02 2.742794e-01 4.624490e-01 1.533616e+00 1.135768e+00
4.056785e-01 1.411542e+00 1.251373e+00 2.983121e-01 4.989230e-01 8.178763e-01 1.934412e+00 1.763965e+00 5.095484e-01
7.633394e-01 1.616357e+00 1.125638e+00 6.755075e-01 4.175803e-01 6.314725e-01 2.092766e-01 1.141403e-01 1.204014e+00
1.526089e+00 8.473043e-01 1.883914e+00 8.884399e-01 9.039451e-01 2.994446e-01 3.850306e-01 1.521149e+00 1.713515e-01
1.105558e+00 5.171024e-01 8.347723e-01 1.954911e-01 1.274622e-01 5.074335e-01 8.709851e-01 8.049088e-01 1.307272e-01
5.513717e-01 1.745723e+00 1.075896e+00 1.192363e-01 3.528937e-01 5.746939e-01 1.954236e+00 1.875240e+00 2.176258e-01
8.215044e-01 8.027938e-01 1.245063e+00 4.975980e-01 3.641695e-01 5.955514e-01 1.141802e+00 1.734559e+00 1.980157e+00
1.342757e+00 1.868951e+00 1.121502e+00 1.093492e-01 2.962165e-01 5.187523e-01 4.180461e-02 2.400706e-01 9.171953e-02
1.218393e+00 9.736685e-01 1.623749e+00 3.972411e-01 8.642831e-01 3.094655e-01 1.579696e+00 4.097537e-01 1.226450e+00
1.970608e+00 1.162285e+00 1.747625e+00 6.924118e-01 7.440316e-02 4.472115e-01 8.040580e-01 3.083050e-01 1.866130e+00
7.289601e-01 1.576444e+00 2.280603e-01 1.260147e-01 4.887614e-01 8.827411e-01 1.775553e+00 1.579051e+00 1.666970e+00
5.832053e-01 1.430019e+00 4.404358e-01 8.459143e-02 6.493027e-02 9.064356e-01 1.877745e+00 1.739772e+00 1.766245e+00
1.945028e+00 7.515522e-01 9.551974e-01 4.499553e-01 2.855813e-01 4.823400e-01 5.641302e-01 5.193326e-01 1.995740e+00
4.859505e-01 8.714356e-01 1.587101e+00 5.161631e-02 1.289929e-01 5.837927e-01 9.308092e-01 1.904919e+00 1.607313e+00
1.399804e+00 3.163510e-01 1.498968e+00 8.619457e-01 9.722852e-01 8.665660e-01 1.072641e+00 1.740730e+00 1.444735e+00
1.689147e+00 3.930455e-01 5.689681e-01 7.113662e-01 3.819444e-01 5.644071e-01 3.699158e-01 1.439261e+00 1.088437e+00
1.182606e+00 1.080490e+00 1.482228e+00 4.470745e-01 7.679502e-01 7.127396e-01 2.177078e-01 1.919930e+00 1.391533e+00
3.360955e-01 3.428693e-01 1.691309e+00 6.155967e-01 5.890547e-01 4.206614e-01 9.837261e-01 9.801827e-01 5.196973e-01
2.946267e-01 2.087469e-01 2.955057e-01 2.158378e-01 1.897977e-01 7.289691e-01 1.974745e+00 9.211882e-02 5.342093e-01
1.864021e+00 1.619241e+00 1.260133e+00 2.841329e-01 2.973091e-01 2.472436e-01 7.075592e-01 5.871522e-01 1.761468e+00
1.084778e+00 1.359253e+00 9.451524e-01 5.974851e-01 3.002758e-01 4.381654e-01 9.915014e-01 1.106534e+00 6.310137e-01
6.561385e-01 1.224566e+00 1.001430e+00 2.858120e-01 2.246273e-01 4.992482e-01 2.867109e-01 1.775982e+00 5.229562e-01
6.531090e-01 7.984093e-01 7.422377e-01 4.636660e-01 5.676740e-01 9.821826e-01 1.027613e+00 1.623632e-01 1.875521e+00
1.327327e+00 1.517617e+00 1.474589e+00 2.212198e-01 7.698501e-01 8.216134e-01 1.504797e+00 1.546016e+00 7.828114e-03
6.495020e-01 9.825501e-01 1.777043e+00 5.167912e-01 9.213273e-01 7.030258e-01 4.471375e-01 1.194343e+00 1.814797e+00
1.094357e+00 1.997387e+00 1.403488e+00 9.874640e-01 6.471044e-01 8.639506e-01 1.522594e+00 1.007144e+00 1.822077e+00
8.993840e-01 1.469658e+00 6.300122e-01 7.484922e-01 7.776626e-01 4.145675e-01 1.971766e+00 7.586568e-03 1.137541e+00
9.104357e-01 2.730721e-01 3.221451e-01 1.399988e-01 2.718134e-01 1.364284e-01 9.064547e-02 1.899551e+00 1.282697e+00
3.403766e-01 9.897236e-01 8.157871e-01 9.945224e-01 4.337611e-01 7.606587e-01 1.902784e+00 1.238598e+00 1.005860e+00
7.866417e-01 4.582061e-01 1.527404e+00 8.784007e-01 3.589591e-01 3.364284e-01 2.581123e-01 5.291027e-01 3.365235e-01
1.737501e+00 1.156427e+00 1.786237e+00 5.474848e-01 7.297121e-01 5.282162e-01 4.826249e-01 1.240501e+00 3.277989e-01
1.857135e+00 1.057379e+00 9.172789e-01 6.690708e-01 2.481213e-01 8.422040e-01 1.426888e-02 5.856951e-02 4.800096e-01
1.876590e+00 1.483713e+00 1.362502e+00 4.169473e-01 4.747047e-01 4.961421e-01 1.636717e+00 1.278534e+00 1.791916e+00
1.636527e+00 1.182558e+00 2.553712e-01 7.535230e-01 1.210303e-01 8.699764e-01 4.485121e-01 1.484688e+00 7.838672e-01
4.449293e-01 5.920737e-01 1.041810e+00 8.222653e-01 4.503030e-01 4.105857e-01 1.258171e+00 6.738074e-01 1.182441e+00
3.225616e-01 1.020258e+00 1.471785e+00 1.296800e-01 6.749909e-01 6.203707e-01 1.354256e+00 1.818635e+00 1.785861e+00
7.791264e-01 1.165815e+00 1.706840e+00 7.859975e-01 9.286004e-02 6.483240e-01 1.847291e+00 7.060171e-01 1.020559e+00
1.007601e+00 7.722545e-01 5.519989e-01 5.412604e-01 4.395127e-01 1.388542e-01 1.647158e+00 1.682613e+00 9.833533e-01
5.395475e-01 9.927187e-01 1.355109e+00 6.141541e-02 9.511999e-01 7.520397e-01 1.819130e+00 7.783076e-01 1.255207e+00
3.108560e-01 9.790468e-01 8.888883e-01 5.961272e-02 9.326248e-01 8.807748e-02 8.946067e-01 1.684167e+00 2.821496e-02
9.895468e-01 1.759211e+00 1.550760e+00 5.834022e-01 1.085062e-01 7.632870e-01 1.193393e+00 1.274893e+00 1.030908e+00
9.262584e-01 8.500362e-01 7.567558e-01 3.378745e-01 7.028118e-01 9.247166e-02 1.720011e+00 6.373156e-01 6.042004e-01
1.461330e+00 9.298015e-01 1.865505e+00 7.987247e-01 3.828809e-01 7.219579e-01 7.155822e-02 8.741816e-01 4.260296e-01
1.255871e+00 1.977275e+00 1.229770e+00 4.617734e-01 2.639565e-01 4.869774e-01 1.706871e+00 7.663884e-01 1.269400e+00
4.713940e-01 1.521226e+00 1.170567e+00 2.631860e-01 1.314692e-01 2.690958e-01 1.637210e-01 1.484433e-01 3.654262e-01
1.662205e+00 1.459937e+00 5.885923e-01 6.787136e-01 3.701873e-01 4.773735e-01 1.482841e+00 6.669521e-01 5.909103e-01
1.543070e+00 1.954316e+00 1.698487e+00 9.068773e-01 4.601049e-01 5.168000e-01 7.120411e-01 6.581109e-01 1.313025e+00
1.477536e+00 1.610269e+00 5.406581e-01 2.969042e-01 4.519199e-01 6.165026e-01 1.684697e-01 2.247738e-01 2.684172e-01
5.343262e-01 9.989358e-01 1.877300e+00 7.001462e-01 4.377185e-01 8.454850e-01 1.436718e+00 1.060890e+00 6.813411e-02
1.515659e+00 1.336809e+00 1.011386e+00 4.444253e-01 3.995507e-01 2.486524e-01 8.253764e-01 8.824188e-01 1.923120e+00
1.912478e+00 1.991084e+00 8.293480e-01 1.067675e-01 3.103842e-01 8.091967e-02 1.129994e+00 1.571318e+00 1.478928e+00
9.879055e-01 1.645539e+00 1.394827e+00 4.805884e-01 3.450298e-01 9.622528e-01 5.529384e-01 1.111357e+00 8.250718e-01
1.378607e+00 1.046518e+00 1.305374e+00 5.194284e-01 7.808344e-01 9.984127e-01 5.239870e-01 1.337889e+00 2.614205e-01
1.487763e+00 8.781755e-01 2.910552e-01 6.185958e-01 7.830472e-01 1.333491e-01 1.204115e+00 2.450869e-01 1.354663e+00
6.059172e-01 8.185610e-01 1.748877e+00 4.236746e-01 9.111074e-01 3.948014e-01 2.417317e-01 2.976442e-01 8.802455e-01
5.062811e-01 3.968523e-01 6.784712e-01 2.578218e-01 8.002548e-01 8.357758e-01 1.649575e+00 9.502607e-01 1.163275e+00
1.935697e+00 1.667589e+00 3.389618e-01 2.726106e-01 1.102380e-01 8.151997e-01 3.070182e-01 7.506196e-02 6.222002e-01
9.623012e-01 1.055653e+00 3.444445e-01 8.509745e-01 1.489695e-01 8.269631e-02 6.180148e-02 5.881187e-01 9.257645e-01
7.605403e-01 5.108584e-01 1.576574e+00 7.090214e-01 4.194425e-01 2.423721e-01 8.603977e-01 6.942029e-01 7.480192e-01
1.903467e+00 1.441929e+00 5.717791e-01 2.070928e-01 1.390883e-01 6.518767e-01 1.453367e+00 1.282659e+00 2.875537e-01
9.049762e-01 1.475611e+00 4.447805e-01 3.773016e-01 8.127505e-01 1.512868e-01 1.658723e+00 1.242541e-01 1.208414e+00
1.185683e+00 3.986737e-01 1.272369e+00 6.906661e-01 7.603422e-01 5.218715e-02 1.551448e+00 1.707884e+00 9.512411e-01
1.299198e+00 1.404807e+00 1.455863e+00 3.941100e-01 1.149953e-01 5.303357e-01 1.995713e-01 1.247834e+00 1.662879e+00
3.020250e-01 4.022091e-01 1.363193e+00 2.994222e-01 6.710586e-01 2.804774e-01 3.210568e-01 1.507524e+00 1.470794e+00
1.593598e+00 1.593111e+00 2.733733e-01 5.888236e-01 8.170260e-01 3.390361e-01 1.539561e+00 4.317362e-01 1.577584e+00
1.332004e+00 8.680719e-01 1.058388e+00 8.307306e-01 9.374942e-02 2.924999e-01 1.915693e+00 2.886172e-01 1.769912e+00
1.705195e+00 9.132325e-01 1.155162e+00 8.276105e-01 4.092996e-01 6.755924e-01 7.658390e-01 2.876591e-01 1.558921e+00
1.065956e+00 1.085685e+00 1.794390e+00 5.321194e-01 7.620008e-01 2.535720e-01 1.125712e+00 2.932826e-01 5.632171e-01
7.206485e-01 1.246164e+00 1.501239e+00 6.890428e-02 6.994937e-01 4.266842e-01 6.975305e-01 1.961472e+00 7.045281e-01
1.249695e+00 1.157752e+00 8.255526e-01 1.380958e-01 6.112044e-01 3.152946e-01 1.134668e+00 3.762280e-01 1.955926e-01
1.892258e+00 7.905888e-01 9.292969e-01 7.772708e-01 6.566062e-01 7.098565e-01 1.679194e-01 3.564713e-02 1.429891e+00
1.131038e+00 1.511885e+00 8.314494e-01 3.102855e-01 7.320507e-01 1.774585e-01 1.234825e+00 8.667124e-02 1.110476e+00
1.394308e+00 1.828814e+00 1.816719e+00 5.426308e-02 5.076094e-01 7.273396e-01 8.900483e-01 1.347703e+00 2.307924e-01
1.622511e+00 1.354984e+00 3.686829e-01 5.393408e-01 9.144930e-01 9.045441e-02 1.349181e+00 1.291987e+00 1.054205e+00
3.821423e-01 9.456658e-01 6.265304e-01 2.625629e-01 9.756336e-01 5.005975e-01 1.079765e+00 3.149106e-01 1.965170e+00
1.354949e+00 1.041926e+00 1.967862e+00 1.110625e-01 8.850671e-01 1.687649e-01 1.710458e+00 1.334431e+00 1.502307e+00
3.986970e-01 4.066580e-01 8.569200e-01 6.220440e-01 8.918847e-01 6.928624e-01 1.223416e+00 1.766358e+00 6.617417e-01
1.445288e+00 1.549471e+00 1.139762e+00 1.671128e-01 7.580905e-01 4.196963e-01 8.220397e-02 5.366593e-01 2.337274e-01
5.634989e-01 6.361448e-01 3.235461e-01 2.772286e-01 5.143716e-01 3.782270e-01 1.177079e+00 5.218520e-01 1.830446e+00
9.693619e-01 1.942573e+00 4.660315e-01 5.552225e-01 4.415615e-01 5.030920e-01 3.832000e-01 1.314334e+00 4.996139e-01
1.286739e+00 8.639690e-01 3.776381e-01 1.899507e-01 4.625900e-01 1.884372e-01 4.438957e-01 9.897423e-01 9.606507e-01
9.749784e-01 1.737976e+00 1.090397e+00 1.619232e-01 5.742957e-02 3.331791e-01 1.285448e+00 1.867501e+00 9.083560e-01
7.711939e-01 9.037217e-01 9.750942e-01 9.420920e-01 2.188661e-01 1.938934e-01 6.951330e-01 2.218538e-01 7.217022e-01
1.981734e+00 1.574553e+00 9.364516e-01 6.496898e-01 6.636148e-01 2.059707e-01 1.513519e+00 1.692209e+00 1.877791e+00
1.582561e+00 3.003875e-01 1.594996e+00 8.381643e-01 4.925035e-01 5.518068e-01 5.352021e-01 9.368622e-01 1.026896e+00
1.491755e+00 1.654713e+00 1.961773e+00 3.604838e-01 6.552168e-01 8.340106e-01 1.760795e+00 1.250203e+00 1.045604e+00
1.752453e+00 5.069255e-01 1.545868e+00 7.708713e-01 5.449794e-01 2.226074e-01 2.028945e-01 4.469525e-01 1.242013e+00
1.747284e+00 1.597897e+00 6.840857e-01 3.857285e-01 5.128155e-01 3.031899e-01 2.636789e-01 1.511602e+00 1.117670e+00
1.764713e+00 1.241028e+00 5.990151e-01 2.306148e-01 2.908570e-01 9.325618e-01 6.253146e-01 5.496877e-01 1.308224e+00
1.884086e+00 7.344813e-01 1.180653e+00 1.572778e-01 4.892757e-01 7.487567e-01 3.241488e-01 1.470742e+00 8.659665e-01
4.174436e-01 1.568193e+00 2.516650e-01 3.143837e-01 9.647457e-01 7.894516e-01 1.343760e+00 9.964516e-01 1.703707e+00
6.120208e-01 2.043102e-01 1.287835e+00 1.838848e-01 8.696554e-01 6.948834e-01 1.946247e+00 1.929642e+00 3.898869e-01
1.848527e+00 1.751834e+00 9.778433e-01 4.832256e-01 2.301003e-01 7.940265e-01 1.384961e+00 1.093616e-01 9.388578e-01
1.723056e+00 7.200450e-01 1.670858e+00 2.248969e-01 8.594874e-01 3.725961e-01 1.616716e-02 3.198245e-02 2.733169e-01
4.309623e-01 3.617840e-01 8.456827e-01 3.873191e-01 3.875164e-01 8.908895e-01 9.013785e-01 2.045896e-01 9.680145e-01
1.834302e+00 1.024951e+00 1.716126e+00 3.184802e-01 5.156685e-01 2.649776e-01 1.422272e+00 1.186488e+00 1.439783e+00
1.456088e+00 1.689994e+00 5.798960e-01 5.035405e-01 7.350301e-01 4.638779e-01 1.382061e+00 1.978920e+00 1.234829e+00
1.464129e+00 1.011137e+00 1.203384e+00 4.139626e-01 3.259227e-01 8.799411e-01 9.492606e-01 1.260038e+00 4.205427e-01
1.179104e+00 8.254897e-01 5.946672e-01 1.079233e-01 7.845740e-02 7.676736e-01 4.784607e-01 1.362021e+00 1.003865e+00
1.262956e+00 1.970633e+00 1.146869e+00 5.760309e-01 2.611542e-01 8.873927e-01 7.990870e-01 3.074318e-01 6.674549e-01
1.819612e+00 1.768178e+00 1.911333e+00 8.233938e-01 3.356109e-01 3.301659e-01 3.776183e-01 1.371670e-01 1.840670e+00
1.276057e+00 6.633893e-01 2.852184e-01 9.599781e-01 9.528999e-01 9.575354e-01 6.149014e-01 6.065416e-01 2.105840e-01
1.395285e+00 1.095076e+00 8.206253e-01 7.968606e-01 5.049260e-02 6.351976e-01 1.371756e+00 1.118380e+00 1.351012e-01
1.560835e+00 1.564150e+00 3.419821e-01 8.309916e-01 1.120918e-01 9.448522e-01 1.472394e+00 1.047787e+00 3.174665e-01
1.324377e+00 1.743603e+00 1.509641e+00 9.087274e-01 2.040304e-01 3.467543e-01 7.168432e-01 1.455453e+00 1.725645e+00
1.798152e+00 1.007913e+00 1.845756e+00 2.270081e-01 9.707788e-01 2.526111e-01 1.390548e+00 1.289864e-01 1.947717e+00
5.304488e-01 1.507847e+00 6.794152e-01 5.676778e-01 5.259900e-01 6.463483e-01 3.090211e-02 5.050781e-01 3.744981e-01
2.121927e-01 8.305646e-01 1.930763e+00 1.228925e-01 6.149104e-02 6.182142e-01 1.115507e+00 9.948241e-01 6.032933e-01
1.419889e+00 5.438437e-01 1.492112e+00 7.269104e-01 4.964007e-01 1.745924e-01 1.209267e+00 1.167857e+00 2.798217e-01
1.756307e+00 1.028825e+00 3.337913e-01 7.577736e-01 5.240211e-01 2.630194e-01 1.459282e+00 1.444708e+00 1.891125e+00
4.244507e-01 1.201645e+00 9.598098e-01 9.199744e-01 1.185049e-01 9.404877e-02 2.919310e-01 9.677913e-01 4.462958e-01
9.170857e-01 1.923975e+00 1.768941e+00 8.089062e-01 5.032319e-01 7.536825e-01 1.092563e+00 2.312673e-01 2.417252e-01
8.478544e-01 7.641191e-01 1.019241e+00 1.138965e-01 6.682314e-01 5.773577e-01 9.757616e-01 1.465100e+00 1.655373e+00
1.952493e+00 1.415142e+00 1.223279e+00 3.672152e-01 4.967001e-01 6.704288e-01 5.954975e-01 1.378190e+00 2.249894e-01
9.720647e-01 6.242353e-01 6.609685e-01 2.883544e-01 3.763781e-01 9.363576e-01 1.545219e+00 1.449415e+00 1.716037e+00
5.429514e-01 1.627491e+00 8.715815e-01 7.384182e-01 4.088851e-01 9.923188e-01 1.678458e+00 1.396853e+00 3.957303e-02
1.704678e+00 1.882620e+00 1.896151e+00 9.325186e-01 8.151305e-01 6.741677e-01 1.162463e+00 1.941799e+00 8.401364e-01
1.843029e+00 3.140678e-01 1.697241e+00 3.916140e-01 3.187694e-01 4.066929e-01 1.008492e+00 4.767767e-01 8.758819e-01
1.367159e+00 2.129916e-01 1.085259e+00 8.075081e-01 8.400730e-01 4.401352e-01 1.345496e+00 1.820791e+00 5.722790e-01
5.759288e-01 1.248351e+00 1.891048e+00 5.629297e-01 9.582433e-01 4.941142e-01 1.409357e+00 1.254209e+00 6.080295e-01
9.801888e-01 1.111947e+00 7.795406e-01 4.040424e-01 4.551120e-01 8.988210e-01 8.511211e-01 1.270748e+00 8.286894e-01
3.215745e-01 1.735620e+00 9.390997e-01 1.372788e-01 2.867087e-01 2.393722e-01 1.543851e+00 1.224467e+00 1.847261e+00
1.287592e+00 1.691187e+00 1.737626e+00 8.810233e-01 4.531646e-01 1.065332e-01 1.980201e+00 1.018522e+00 5.270530e-01
3.510054e-01 4.265008e-01 1.372316e+00 3.065279e-01 1.006539e-01 3.816875e-01 7.393235e-01 8.377711e-02 1.300326e+00
1.941228e+00 1.362959e+00 1.662480e+00 8.112244e-01 2.333201e-01 5.542572e-02 1.150397e+00 1.563281e+00 1.274969e+00
1.535825e+00 4.839549e-01 1.073704e+00 6.711823e-01 9.065558e-01 2.890818e-01 1.086954e+00 1.115146e+00 1.048944e+00
2.930148e-01 2.899277e-01 1.211864e+00 6.945319e-02 3.216677e-01 7.493831e-01 6.668535e-01 3.328547e-01 4.512546e-01
1.618299e+00 2.022149e-01 6.872327e-01 2.683082e-01 8.538068e-01 2.978519e-01 6.391205e-01 4.122907e-01 1.247320e-01
1.790616e+00 1.946763e+00 3.607675e-01 1.180977e-01 4.257011e-01 2.345293e-01 1.069567e-01 1.054351e-01 1.549250e+00
1.906435e+00 1.178515e+00 1.146573e+00 6.624062e-01 9.830150e-01 4.888060e-01 5.376329e-01 7.377762e-01 1.376249e+00
1.483303e+00 1.972789e+00 1.449508e+00 9.767892e-01 6.875196e-01 9.552263e-01 1.503691e+00 1.300889e+00 1.475807e+00
6.197210e-01 1.001765e+00 1.753226e+00 6.643181e-01 9.627912e-02 3.411181e-01 5.451144e-01 1.920763e+00 5.232068e-02
1.124797e+00 5.827616e-01 1.197006e+00 6.952906e-01 7.121078e-01 8.533915e-01 7.380821e-03 1.572872e+00 8.867751e-01
1.850610e+00 1.932397e+00 1.712194e+00 5.221498e-01 2.357116e-01 6.372657e-01 1.374443e+00 8.847055e-01 1.239073e+00
1.838278e+00 2.862353e-01 1.810840e+00 7.609934e-01 2.742115e-01 2.725928e-01 3.082991e-01 8.201111e-01 4.097439e-01
6.281607e-01 1.856273e+00 1.286292e+00 1.344168e-01 5.604013e-01 3.286898e-01 9.421927e-01 1.176201e+00 1.586924e+00
4.806262e-01 1.928209e+00 1.994527e+00 1.818616e-01 8.515676e-01 4.081641e-01 1.868604e+00 1.384345e+00 1.810869e+00
1.900950e+00 3.540180e-01 3.002692e-01 1.869508e-01 1.580889e-01 6.243079e-01 1.055265e+00 5.025086e-01 4.548623e-01
3.765924e-01 2.243918e-01 1.267051e+00 7.850700e-01 6.019670e-01 5.906949e-01 3.586456e-01 5.243502e-01 7.134035e-01
1.077820e+00 1.273921e+00 4.027018e-01 3.469619e-01 8.948310e-01 7.889403e-02 1.850793e+00 1.804471e+00 3.417029e-01
1.649870e+00 7.881466e-01 1.722892e+00 8.828123e-01 8.444957e-01 2.329875e-01 1.939622e+00 6.135118e-01 1.640784e+00
6.786964e-01 6.056765e-01 1.648972e+00 4.698121e-01 1.225930e-01 2.715610e-01 9.637240e-01 1.102379e+00 6.531009e-01
1.427626e+00 1.033759e+00 1.337529e+00 4.820553e-01 2.095584e-01 1.447776e-01 6.590307e-01 1.719214e+00 5.371096e-01
1.717168e+00 9.223345e-01 1.348089e+00 7.689517e-01 2.305678e-01 9.690360e-01 2.476678e-01 8.589410e-01 1.248672e+00
1.457422e+00 1.821567e+00 1.337603e+00 2.206986e-01 5.590276e-01 7.782213e-02 1.023851e+00 1.745974e+00 1.462846e+00
6.647877e-01 3.691289e-01 1.726515e+00 6.054564e-01 5.844078e-01 2.300186e-01 8.193357e-01 8.965724e-01 1.341868e+00
2.422465e-01 1.564933e+00 5.242109e-01 4.793108e-01 4.215085e-01 9.950189e-01 1.640332e+00 1.072624e+00 7.438390e-01
2.444284e-01 1.293074e+00 6.494928e-01 9.040045e-01 6.489476e-01 4.166639e-01 1.260952e+00 3.959258e-01 1.598000e+00
1.924540e+00 2.511420e-01 6.117114e-01 1.799189e-01 3.123712e-01 7.788614e-01 3.518380e-02 1.701218e+00 2.951725e-01
1.957281e+00 5.540055e-01 1.540194e+00 7.346055e-01 3.784420e-01 5.710894e-01 1.045198e+00 1.033596e+00 2.773076e-03
1.963302e+00 6.654711e-01 6.166741e-01 5.122895e-01 6.345003e-01 3.673683e-01 1.138837e+00 1.479231e+00 2.134483e-01
8.069811e-01 6.565705e-01 5.756168e-01 8.213522e-01 8.819656e-01 3.200123e-01 1.737468e+00 6.407709e-01 5.574705e-01
1.158374e+00 6.736878e-01 9.213788e-01 4.518264e-01 1.043995e-01 3.961772e-01 6.304656e-01 3.561742e-01 1.484096e+00
4.113058e-01 8.383909e-01 1.574111e+00 6.714276e-01 3.249671e-01 7.771953e-01 1.979985e+00 2.745882e-01 1.806435e+00
1.381269e+00 5.691281e-01 1.427214e+00 7.626480e-01 5.347239e-01 3.631476e-01 1.895183e+00 1.587794e+00 9.976672e-01
7.568235e-01 2.268605e-01 1.183439e+00 6.005802e-01 7.264154e-01 2.683584e-01 1.065500e+00 6.517926e-01 9.886150e-01
7.927581e-01 6.807589e-01 1.313133e+00 5.571077e-01 5.973658e-01 3.799215e-01 1.796237e+00 4.826915e-01 1.225621e-02
3.656199e-01 1.284455e+00 9.819165e-01 3.995237e-01 3.100165e-01 2.044648e-01 1.614776e+00 7.131962e-01 3.117713e-01
3.926415e-01 6.333466e-01 7.937996e-01 4.871372e-01 3.065628e-01 9.719385e-02 1.461954e+00 1.688767e+00 1.928376e+00
1.304215e+00 5.580503e-01 6.412144e-01 9.567792e-01 2.002849e-01 9.847116e-01 5.757863e-01 7.591415e-01 8.069389e-02
5.555307e-01 1.255100e+00 1.923754e+00 5.930757e-01 9.374974e-01 5.567241e-01 1.571166e+00 1.473737e+00 4.759615e-01
2.097406e-01 4.160516e-01 3.302820e-01 5.816640e-01 5.099237e-01 9.773375e-01 1.478454e+00 6.623018e-01 1.959854e+00
3.543862e-01 5.765371e-01 1.103110e+00 5.911659e-01 3.622295e-01 6.408087e-02 1.862305e+00 1.559917e-01 1.291722e+00
4.763223e-01 4.095455e-01 3.954741e-01 7.894270e-01 3.038358e-01 1.891730e-01 3.547158e-01 1.789280e+00 7.657244e-01
9.305192e-01 1.902088e+00 9.906323e-01 3.421500e-01 4.032415e-01 6.312846e-01 8.385092e-01 9.592905e-01 1.713131e+00
1.306693e+00 1.809290e+00 1.035980e+00 6.100060e-01 6.849233e-01 2.111411e-01 9.328903e-01 3.615139e-01 3.209611e-01
1.251323e+00 2.692035e-01 1.033446e+00 5.020179e-01 2.248940e-01 8.500329e-01 9.233575e-01 1.077624e+00 1.879446e-01
1.370652e+00 1.854668e+00 4.007122e-01 3.282471e-01 8.536328e-01 1.499579e-01 6.452271e-01 7.635405e-01 7.182918e-01
4.602360e-01 1.557675e+00 7.658355e-01 5.528331e-01 3.143655e-01 9.942718e-01 5.247369e-01 7.167812e-01 1.737285e+00
1.697750e+00 3.815146e-01 1.909871e+00 8.122826e-01 8.180288e-02 6.399952e-01 8.654274e-01 1.371647e+00 3.868742e-01
8.087894e-01 1.605074e+00 8.798562e-01 4.770143e-01 6.768649e-01 6.444899e-01 1.830234e+00 1.053653e+00 9.430562e-01
8.282676e-01 1.356567e+00 1.602932e+00 4.889318e-01 6.093793e-01 5.436434e-01 1.377559e+00 1.131322e+00 1.480356e+00
1.878509e+00 4.492457e-01 2.243135e-01 5.285289e-01 3.520728e-01 5.866959e-01 1.203057e-01 1.094799e+00 5.064175e-01
1.086628e+00 1.053113e+00 1.158623e+00 9.708795e-01 8.219943e-01 1.230398e-01 8.343313e-01 1.991168e+00 3.359586e-01
9.406693e-01 1.788751e+00 1.309134e+00 1.702965e-01 4.113130e-01 3.543071e-01 1.282977e+00 5.452407e-01 1.622012e+00
8.762768e-01 1.140024e+00 4.999713e-01 3.543798e-01 7.869349e-01 7.384735e-01 1.043651e+00 1.601467e+00 8.681703e-01
5.703033e-01 1.222095e+00 1.492877e+00 6.512966e-01 7.162482e-01 1.415636e-01 3.400891e-01 5.112648e-01 5.709130e-01
1.119334e+00 1.874570e+00 7.160040e-01 2.547088e-01 1.873747e-01 2.245068e-01 4.171817e-01 7.411554e-01 5.863722e-01
