# D_1  D_2  D_3  D_4  D_5  Sigma_a_1  Sigma_a_2  Sigma_a_3  Sigma_a_4  Sigma_a_5  q_1  q_2  q_3  q_4  q_5
1.909761e+00 9.794630e-01 6.014275e-01 1.486004e+00 1.554176e+00 5.188772e-01 1.971652e-01 8.985345e-01 6.437744e-01 4.555189e-01 1.659327e+00 1.830561e+00 1.983644e+00 7.399643e-01 1.768300e+00
4.040722e-01 3.886946e-01 5.660069e-01 7.822340e-01 1.684639e+00 2.839525e-01 9.542376e-01 4.720435e-01 2.474039e-01 3.368603e-01 1.081847e-01 1.711631e+00 8.475621e-02 3.958722e-02 3.061847e-01
3.788985e-01 1.170287e+00 1.560339e+00 1.879314e+00 1.603837e+00 8.731357e-02 1.287484e-01 1.205809e-01 4.945514e-01 9.856386e-01 1.504503e+00 1.465735e+00 1.889057e+00 5.174259e-01 1.951324e-01
1.091294e+00 1.929998e+00 1.963213e+00 1.263510e+00 3.831497e-01 7.576805e-01 3.364139e-01 6.170891e-01 6.944422e-01 2.867049e-01 6.339949e-02 2.332162e-02 6.220302e-01 2.137608e-01 1.655390e+00
4.302479e-01 1.572782e+00 4.591097e-01 1.616131e+00 1.427195e+00 3.917506e-01 6.296921e-01 9.665625e-01 3.908090e-01 3.270996e-01 1.502073e-02 2.489114e-01 1.816124e+00 4.866007e-01 8.553849e-02
2.057471e-01 1.632672e+00 8.044886e-01 1.875857e+00 1.591635e+00 2.290676e-01 4.286484e-01 8.959318e-01 9.293072e-01 3.831204e-01 1.937831e+00 1.631284e+00 3.516921e-01 8.843746e-01 1.677593e+00
1.070976e+00 4.243879e-01 1.327410e+00 1.127046e+00 1.854696e+00 5.690541e-01 8.267663e-02 6.786821e-01 7.482423e-01 2.825528e-01 4.829628e-01 3.811757e-01 1.611097e+00 1.340545e+00 1.177908e+00
1.260008e+00 8.988620e-01 9.175756e-01 3.149998e-01 1.434184e+00 2.722552e-01 1.160740e-01 8.780335e-01 5.630681e-01 8.996981e-01 1.487089e-01 8.468490e-01 1.781973e-01 6.325543e-01 1.814026e+00
3.327454e-01 1.582953e+00 1.097949e+00 7.558023e-01 2.487891e-01 2.349629e-01 9.414822e-01 4.448737e-01 4.809032e-01 5.224890e-01 1.527218e+00 1.958297e+00 1.465389e+00 3.025125e-01 1.304031e+00
8.769101e-01 1.296231e+00 2.010689e-01 1.886066e+00 8.552221e-01 2.806257e-01 8.011726e-01 5.771914e-01 3.098103e-01 1.702575e-01 1.153204e+00 1.703684e+00 5.734128e-01 5.797089e-01 1.365206e+00
5.940907e-01 8.401346e-01 1.398683e+00 8.121256e-01 1.218276e+00 8.855624e-01 8.972200e-01 9.625778e-02 7.096670e-01 5.041748e-01 1.678137e+00 8.061444e-01 5.896406e-01 7.541455e-01 2.116210e-01
7.803500e-01 7.875062e-01 1.894063e+00 1.738499e+00 1.712668e+00 1.408736e-01 3.086610e-01 7.101285e-01 5.165696e-01 1.940203e-01 6.635822e-02 3.856034e-01 1.576376e+00 1.849144e+00 9.267671e-01
1.327061e+00 2.799591e-01 1.113874e+00 1.142578e+00 6.730597e-01 2.545053e-01 1.493416e-01 1.164330e-01 4.278611e-01 6.664413e-01 4.637649e-01 1.151481e+00 8.547060e-01 4.243442e-01 1.555860e+00
1.787769e+00 7.187900e-01 7.175645e-01 1.358124e+00 1.037689e+00 3.135779e-01 7.538185e-02 6.815126e-01 9.319365e-01 2.190515e-01 3.411695e-01 1.966572e+00 1.330543e+00 3.887761e-01 1.858881e+00
6.457514e-01 1.475627e+00 4.861714e-01 1.929301e+00 1.063623e+00 2.194498e-01 6.037188e-02 1.223413e-01 3.081169e-01 7.988564e-01 1.696640e+00 1.724860e+00 1.238570e+00 1.487402e+00 9.722585e-01
2.692351e-01 1.849593e+00 2.909318e-01 3.748240e-01 2.556594e-01 2.370261e-01 1.386326e-01 1.599145e-01 4.272973e-01 5.705995e-02 1.570315e+00 3.931996e-01 1.733881e+00 1.358214e-01 5.542581e-02
9.720222e-01 3.186350e-01 1.396110e+00 9.211926e-01 1.314051e+00 4.759881e-01 8.355314e-01 1.535162e-01 8.619955e-01 5.700911e-01 1.694888e+00 1.226496e+00 1.295258e+00 1.436227e+00 7.186645e-01
3.602914e-01 4.395063e-01 1.901113e+00 9.978503e-01 6.776616e-01 1.646904e-01 9.873123e-01 2.054426e-01 1.337525e-01 9.418988e-01 1.049518e+00 1.719266e+00 1.639735e+00 7.319647e-01 7.785227e-01
5.206251e-01 1.829515e+00 2.595044e-01 1.311007e+00 6.540352e-01 6.379154e-01 3.445371e-01 9.512370e-01 4.772392e-01 8.821486e-01 1.016242e+00 8.036469e-01 2.030370e-01 2.328188e-01 1.996746e+00
8.092968e-01 9.360447e-01 1.444834e+00 1.273114e+00 6.319640e-01 8.461782e-01 2.934567e-01 3.925797e-01 7.361925e-01 8.188344e-01 1.339451e+00 1.038411e+00 8.186042e-01 1.854809e+00 2.984510e-01
1.149262e+00 1.167218e+00 5.200940e-01 9.292168e-01 9.043164e-01 7.417055e-01 3.966976e-01 9.022504e-01 8.300919e-01 3.232110e-01 7.180737e-01 7.033223e-01 7.895328e-01 1.960143e+00 1.303222e-01
1.593420e+00 1.410584e+00 6.698932e-01 9.160478e-01 1.734275e+00 9.597458e-01 6.254474e-01 7.214855e-01 9.487668e-01 7.647141e-01 5.830929e-01 1.988180e+00 1.033368e+00 1.209543e+00 9.055113e-01
1.759632e+00 8.113955e-01 7.593422e-01 3.698920e-01 1.153866e+00 5.644721e-02 2.612866e-01 1.874301e-01 7.800337e-01 5.664198e-01 1.174798e+00 1.780435e+00 2.162168e-01 7.168740e-01 1.423003e+00
6.997938e-01 1.324831e+00 1.483708e+00 1.564965e+00 9.770404e-01 3.656882e-01 2.039225e-01 2.768874e-01 2.653340e-01 1.641886e-01 7.066955e-01 4.373333e-01 1.846582e+00 1.517504e+00 3.804492e-01
1.190235e+00 8.549405e-01 1.078557e+00 4.893703e-01 1.748643e+00 3.065117e-01 6.331852e-01 7.579701e-01 5.945215e-02 2.290882e-01 1.667765e+00 5.567851e-01 6.391214e-01 1.163549e+00 1.123032e+00
1.379951e+00 1.320355e+00 4.383917e-01 1.254329e+00 3.064706e-01 9.223098e-01 4.683828e-01 1.565480e-01 2.915525e-01 7.215396e-01 3.599091e-01 8.504113e-01 6.747305e-01 5.302163e-01 1.527426e+00
1.289620e+00 1.935672e+00 1.569438e+00 1.306877e+00 3.988209e-01 2.610658e-01 5.119114e-01 4.847895e-01 7.114662e-01 5.796742e-01 1.332907e+00 6.934533e-01 7.792062e-02 9.213273e-01 1.492327e-01
1.140427e+00 4.994535e-01 7.045304e-01 4.541860e-01 1.198528e+00 8.467728e-02 8.076407e-02 8.198670e-01 5.399510e-01 3.181006e-01 3.812611e-01 7.649388e-01 1.715519e+00 1.443747e+00 1.395034e+00
7.985124e-01 7.375865e-01 1.873619e+00 1.108531e+00 1.545012e+00 6.131804e-01 4.347507e-01 3.633673e-01 5.391108e-01 5.638691e-01 1.803417e+00 4.376889e-02 1.564979e+00 1.351094e+00 8.904752e-01
2.421463e-01 1.948099e+00 6.102126e-01 4.420753e-01 9.433125e-01 4.566959e-01 8.892101e-01 2.484586e-01 4.077093e-01 5.095163e-01 3.947021e-01 1.432572e-01 1.691559e+00 5.043246e-02 1.425995e+00
6.727629e-01 1.877069e+00 7.343151e-01 1.135045e+00 8.000918e-01 9.791177e-01 1.125749e-01 4.506031e-01 9.640281e-01 8.938876e-01 5.376115e-01 1.091464e-01 1.023408e+00 1.608665e-01 7.514394e-01
1.494380e+00 9.255553e-01 4.414647e-01 1.584997e+00 1.103076e+00 3.350804e-01 4.675425e-01 9.188249e-01 8.588086e-01 2.176604e-01 8.681277e-01 1.395611e+00 1.227306e+00 1.705070e+00 1.889979e+00
1.617709e+00 8.647193e-01 1.926729e+00 9.258768e-01 1.213580e+00 7.628054e-01 8.243642e-01 7.427033e-01 7.201550e-02 7.467089e-01 1.511509e+00 6.271567e-01 1.909049e+00 1.459463e+00 1.195131e+00
1.113808e+00 1.723209e+00 1.665980e+00 7.257100e-01 5.952921e-01 1.880518e-01 6.419641e-01 8.585544e-01 5.269000e-01 2.075225e-01 1.567085e+00 4.753912e-01 1.975038e+00 1.417721e+00 1.038657e+00
1.586360e+00 1.269536e+00 1.550811e+00 1.948210e+00 8.457835e-01 7.541965e-01 5.295309e-01 9.775396e-01 7.624381e-01 1.177606e-01 1.968653e+00 1.426033e+00 1.648613e+00 1.148508e+00 1.625620e+00
1.267723e+00 5.462339e-01 1.599668e+00 5.877844e-01 1.975912e+00 1.563246e-01 7.571859e-01 8.703214e-01 2.788597e-01 3.905791e-01 1.388716e+00 1.351187e+00 1.059721e+00 1.190248e+00 1.216016e+00
2.385936e-01 7.635505e-01 5.034383e-01 1.555637e+00 1.277548e+00 9.917329e-01 5.636684e-01 2.912458e-01 8.071102e-01 9.720414e-02 1.497806e+00 7.251689e-01 4.077748e-01 1.413975e+00 6.955766e-01
3.116245e-01 7.328145e-01 1.129002e+00 2.293821e-01 5.861368e-01 9.326836e-01 7.287267e-01 3.255052e-01 1.364017e-01 1.600573e-01 8.075144e-01 9.064803e-01 1.427556e+00 3.172229e-01 1.636930e+00
8.312024e-01 5.387382e-01 6.735648e-01 1.187667e+00 7.075615e-01 8.690988e-01 3.799427e-01 7.874571e-01 1.967762e-01 3.875397e-01 8.483649e-01 5.100696e-01 1.291565e+00 1.476106e+00 3.315681e-01
1.254274e+00 1.860737e+00 7.526451e-01 1.860441e+00 5.321191e-01 4.603545e-01 4.180616e-01 8.456816e-01 3.378471e-01 6.905005e-01 5.281738e-01 5.263670e-01 1.277131e+00 1.263970e+00 1.255565e+00
1.414210e+00 6.212994e-01 1.914991e+00 1.048788e+00 8.676432e-01 2.402369e-01 1.378292e-01 8.411355e-01 8.449686e-01 3.819434e-01 1.237159e+00 4.186437e-01 2.617721e-01 3.715432e-01 1.349137e+00
9.953568e-01 3.288283e-01 1.120239e+00 1.192797e+00 1.772110e+00 9.145638e-01 5.856539e-01 8.832601e-01 1.923093e-01 5.557223e-01 4.851212e-01 2.346444e-01 1.096868e+00 9.401645e-01 1.879370e+00
8.890707e-01 1.230497e+00 3.283781e-01 1.770736e+00 1.488092e+00 9.974584e-01 5.181353e-01 4.054410e-01 2.574056e-01 9.510241e-01 1.576512e+00 1.994634e+00 2.229407e-01 1.265707e+00 1.192028e+00
8.831286e-01 1.305205e+00 1.887542e+00 1.842804e+00 1.689048e+00 4.709943e-01 9.371152e-01 8.745576e-01 3.778384e-01 4.619438e-01 1.059027e+00 1.027687e+00 7.128568e-01 1.457688e-01 5.073883e-02
6.357406e-01 3.142825e-01 7.931491e-01 3.273598e-01 6.100287e-01 7.051752e-01 8.032592e-01 1.372746e-01 7.053572e-01 3.224894e-01 1.673595e+00 1.604241e+00 6.068339e-01 8.166945e-01 4.451925e-01
1.370800e+00 1.216555e+00 7.281118e-01 1.291015e+00 1.650599e+00 8.199144e-01 8.564104e-01 5.712550e-01 2.817089e-01 6.566519e-01 1.181301e+00 1.742248e+00 6.675664e-01 6.363626e-01 4.959566e-01
2.478213e-01 1.136069e+00 6.655612e-01 7.666814e-01 3.936534e-01 3.560884e-01 5.014328e-01 7.509453e-01 3.308209e-01 6.176187e-01 9.360808e-01 1.322791e+00 1.769191e+00 2.152275e-01 1.468676e+00
1.807385e+00 5.928622e-01 1.595724e+00 1.374734e+00 1.926451e+00 8.347958e-01 7.617965e-01 8.620830e-01 6.177243e-01 5.760122e-01 2.347057e-01 5.697005e-01 1.261823e+00 1.405636e+00 8.595602e-01
1.285596e+00 1.022384e+00 1.182796e+00 3.472544e-01 2.808187e-01 7.720687e-01 6.011464e-01 7.876791e-02 8.796935e-01 7.771642e-01 2.582732e-01 1.796001e+00 1.454416e+00 9.048926e-01 1.371964e+00
1.448723e+00 1.046727e+00 8.770364e-01 7.202961e-01 5.444108e-01 4.347240e-01 7.536648e-01 9.121719e-01 7.187242e-01 7.810009e-01 1.296308e+00 1.270583e+00 9.552616e-01 1.634881e+00 1.027930e+00
9.538500e-01 9.576256e-01 1.017210e+00 8.085986e-01 3.621569e-01 7.651526e-01 9.450360e-01 1.384844e-01 4.217236e-01 7.888809e-01 1.685015e+00 1.497476e+00 1.607566e+00 4.345632e-01 2.685478e-01
7.871557e-01 2.443208e-01 1.320660e+00 2.626280e-01 1.178087e+00 9.858061e-01 7.294986e-01 3.138313e-01 8.637346e-02 6.802019e-01 1.951767e+00 1.369141e+00 1.642485e+00 4.392670e-02 1.687435e+00
2.294351e-01 7.730510e-01 1.718423e+00 1.403214e+00 1.584478e+00 7.596520e-01 2.309915e-01 5.511647e-01 7.734610e-01 6.869041e-01 1.168053e+00 7.973481e-01 3.664801e-01 1.460869e+00 1.483304e+00
1.739959e+00 8.310933e-01 1.066201e+00 6.357625e-01 9.612266e-01 2.455245e-01 4.546191e-01 5.392645e-02 8.033290e-02 5.957175e-01 1.289378e+00 1.620340e+00 1.283320e+00 1.028461e+00 3.223486e-01
6.085036e-01 1.995008e+00 2.222864e-01 4.037313e-01 5.713387e-01 8.718253e-01 4.189477e-01 7.794384e-01 2.765859e-01 7.193467e-01 1.191709e+00 4.208539e-01 1.196452e+00 3.914799e-01 1.898119e+00
8.717503e-01 5.468484e-01 3.466807e-01 1.804550e+00 6.650195e-01 7.140383e-02 3.511809e-01 4.669642e-01 4.910977e-01 9.210508e-01 1.463017e+00 1.025716e-01 1.307107e+00 4.005336e-01 1.075594e+00
8.881071e-01 8.968551e-01 1.683586e+00 1.629999e+00 1.307202e+00 4.262168e-01 3.541850e-01 5.042012e-01 7.694804e-01 1.388938e-01 8.454798e-02 9.908534e-01 1.009791e+00 1.360296e+00 4.238960e-01
7.423182e-01 1.897919e+00 2.514808e-01 9.553863e-01 1.288025e+00 9.062527e-02 7.712947e-02 7.124840e-01 1.832342e-01 8.237017e-01 4.245264e-01 6.022104e-02 1.222802e+00 5.210078e-01 6.275724e-02
5.748666e-01 1.762435e+00 4.947220e-01 1.344610e+00 1.933805e+00 3.097114e-01 8.166776e-01 2.642627e-01 3.188757e-01 2.611469e-01 1.354264e+00 1.801854e+00 8.558890e-01 1.598546e+00 8.610151e-01
1.402285e+00 1.691695e+00 1.455421e+00 9.119506e-01 1.186316e+00 6.881304e-01 9.567480e-01 6.069866e-01 9.017628e-01 8.877222e-02 1.543216e+00 1.101019e+00 2.175476e-02 1.920682e+00 5.471828e-01
1.345183e+00 1.772675e+00 4.628679e-01 6.034447e-01 1.350458e+00 5.462586e-01 1.352964e-01 7.856206e-01 3.224731e-01 2.906893e-01 6.180127e-01 1.494889e+00 1.370466e+00 1.908730e+00 1.298886e+00
3.006933e-01 1.531841e+00 1.887472e+00 2.253817e-01 1.916480e+00 6.515720e-01 2.709372e-01 9.722389e-01 9.997072e-01 6.267665e-01 4.857899e-02 4.870519e-01 1.442992e+00 1.254864e+00 6.622535e-01
7.203039e-01 6.128863e-01 1.507743e+00 2.092120e-01 1.992460e+00 9.467419e-01 2.281065e-01 2.681004e-01 6.207522e-01 7.502750e-01 3.870474e-01 7.720243e-01 1.185285e+00 1.222439e+00 1.623158e+00
5.712431e-01 2.560706e-01 1.009624e+00 6.887083e-01 2.004627e-01 9.137972e-01 8.679594e-01 5.803707e-01 2.680738e-01 8.915405e-01 1.133749e+00 7.364036e-01 1.748516e+00 1.582123e-01 1.830583e+00
1.635666e+00 3.375175e-01 1.912596e+00 6.272404e-01 1.540945e+00 3.416365e-01 3.442741e-01 5.804617e-02 9.033401e-02 4.005604e-01 1.035119e+00 1.540458e+00 1.838894e+00 1.954354e+00 1.306599e+00
1.198249e+00 5.299327e-01 1.814698e+00 1.659109e+00 7.111702e-01 7.114224e-01 3.848505e-01 5.378972e-01 1.002094e-01 9.563299e-01 9.546673e-01 3.487457e-01 1.171215e+00 2.063207e-01 1.757407e+00
9.247325e-01 1.599422e+00 3.252000e-01 7.428226e-01 1.020995e+00 3.986290e-01 2.386617e-01 6.186199e-01 2.849835e-01 8.092095e-02 8.435859e-01 7.175621e-01 2.082500e-01 1.429490e+00 6.878606e-01
1.481724e+00 1.974737e+00 1.488736e+00 1.936625e+00 1.026141e+00 3.337217e-01 7.660975e-01 1.796939e-01 1.898266e-01 2.889265e-01 1.250582e-01 6.049740e-01 1.529452e+00 1.348116e+00 1.085157e+00
5.051574e-01 1.018486e+00 4.534816e-01 5.617326e-01 1.705040e+00 9.451512e-02 2.197372e-01 3.094123e-01 9.603490e-01 4.059895e-01 2.635477e-01 1.124730e+00 1.756492e+00 3.522705e-01 1.200726e+00
2.851579e-01 9.139523e-01 1.527228e+00 1.729185e+00 1.364552e+00 4.885069e-01 4.394960e-01 6.991569e-01 8.779597e-01 9.021658e-01 9.428962e-01 3.612979e-01 2.140705e-01 1.702590e+00 9.412185e-02
6.574898e-01 7.621226e-01 1.110482e+00 7.980338e-01 2.938976e-01 6.923534e-01 3.623129e-01 6.514188e-01 7.782124e-01 5.981714e-01 1.398081e+00 8.999103e-01 7.229760e-01 2.007202e-01 1.386690e+00
7.542228e-01 4.670956e-01 1.279026e+00 2.362179e-01 2.283596e-01 7.835671e-01 1.632154e-01 8.225327e-01 8.506672e-01 5.413975e-01 4.132472e-01 8.438337e-01 1.385822e-02 1.734308e-01 4.534244e-01
1.596989e+00 1.335875e+00 5.697984e-01 1.096819e+00 1.972688e+00 6.658674e-01 9.036439e-01 9.614366e-01 6.541384e-01 6.523486e-01 7.956201e-01 9.497740e-01 2.555764e-01 3.793683e-01 2.466868e-01
1.533977e+00 1.452662e+00 9.537010e-01 3.630964e-01 1.929329e+00 8.939784e-01 3.580898e-01 6.951195e-01 8.488057e-01 9.140249e-01 5.102009e-01 9.559594e-01 1.675813e+00 9.530348e-01 3.503776e-01
7.383455e-01 5.367217e-01 3.727004e-01 1.162589e+00 1.129863e+00 2.435215e-01 3.746606e-01 6.769116e-01 2.537281e-01 2.565343e-01 1.356056e+00 1.747750e-01 7.252431e-01 7.199377e-02 1.600830e+00
1.425715e+00 1.927789e+00 9.212418e-01 1.602202e+00 1.500244e+00 3.280204e-01 7.761028e-01 5.747566e-01 7.267868e-01 9.045951e-01 1.280405e+00 1.820626e+00 3.492503e-01 1.237040e+00 2.401349e-01
2.255406e-01 5.727106e-01 1.317071e+00 1.865556e+00 1.787139e+00 7.140302e-01 5.738623e-01 8.366121e-01 2.591194e-01 3.316356e-01 5.060816e-01 5.460733e-01 8.337683e-01 1.055479e+00 1.001924e+00
8.219176e-01 1.660031e+00 9.288433e-01 1.961217e+00 1.289242e+00 2.780575e-01 5.831082e-01 4.138736e-01 2.205984e-01 4.142865e-01 4.736214e-01 1.010263e+00 1.929856e+00 6.379701e-02 2.059807e-01
3.455901e-01 1.895731e+00 2.480098e-01 1.267724e+00 1.404298e+00 7.818255e-02 8.629994e-01 5.675307e-01 9.417313e-02 6.593568e-01 1.841668e+00 1.514512e+00 5.562695e-01 1.006458e+00 8.439343e-01
1.367945e+00 5.767858e-01 7.825926e-01 8.794756e-01 6.043524e-01 6.042027e-01 4.502900e-01 6.892050e-01 7.500037e-01 2.633481e-01 4.028705e-01 2.876439e-01 8.777224e-01 1.400867e-01 5.152672e-01
1.376424e+00 1.075336e+00 1.503078e+00 1.153461e+00 6.052366e-01 8.026094e-01 2.151752e-01 9.376828e-01 7.285693e-01 7.172829e-01 1.291284e+00 3.009646e-01 1.723036e+00 1.054496e+00 1.243575e+00
1.685551e+00 3.943257e-01 1.171305e+00 1.018329e+00 7.589034e-01 3.876048e-01 2.628224e-01 8.437054e-01 6.135282e-02 7.556444e-01 1.899341e+00 1.948596e+00 1.178161e-01 1.445902e+00 1.223357e+00
1.648846e+00 2.820704e-01 1.085046e+00 1.631492e+00 7.733455e-01 7.024511e-01 6.747555e-01 8.150897e-01 5.528805e-01 8.091958e-01 6.753488e-01 4.513689e-01 7.693252e-01 1.097165e+00 1.174574e-01
9.456108e-01 1.220167e+00 2.860778e-01 1.349217e+00 1.502253e+00 8.636406e-01 2.117396e-01 2.742932e-01 3.953446e-01 1.200901e-01 1.082756e+00 1.556098e+00 6.869740e-02 1.210494e+00 1.942360e+00
1.229749e+00 1.366394e+00 1.186449e+00 1.299985e+00 4.564133e-01 9.063462e-01 3.415057e-01 4.102496e-01 5.295663e-01 9.887698e-01 9.271644e-02 1.565144e+00 7.901813e-01 2.947438e-01 1.310905e+00
6.831086e-01 6.930216e-01 1.837511e+00 4.489524e-01 1.752886e+00 6.292780e-01 3.320179e-01 6.386299e-01 9.579117e-01 1.478824e-01 1.263907e+00 1.788038e+00 8.373918e-01 1.383832e+00 1.981646e+00
5.687520e-01 4.331188e-01 1.363510e+00 1.315488e+00 1.559796e+00 2.022060e-01 7.461760e-01 9.268694e-01 5.673824e-01 9.877154e-01 1.694007e-01 1.508560e+00 1.448298e+00 8.088830e-01 1.438887e+00
1.454656e+00 5.899425e-01 9.586571e-01 5.710488e-01 6.348494e-01 8.573046e-01 1.325670e-01 1.666118e-01 4.647007e-01 9.085033e-02 8.987103e-01 1.241638e+00 9.966055e-01 1.187514e+00 9.859673e-01
2.764078e-01 1.201744e+00 1.204233e+00 1.976441e+00 1.145505e+00 2.074162e-01 9.737561e-01 7.287577e-01 5.465526e-01 2.041616e-01 7.355656e-01 7.800369e-01 1.473628e+00 9.335630e-01 1.918122e+00
3.403883e-01 1.717660e+00 1.469617e+00 7.741211e-01 1.413279e+00 4.472278e-01 1.852536e-01 3.716962e-01 1.225519e-01 3.864436e-01 1.308825e+00 7.116754e-01 6.140890e-01 1.756898e+00 1.328734e+00
1.768147e+00 1.649540e+00 4.169751e-01 1.740812e+00 1.210840e+00 2.012511e-01 6.593333e-01 9.444477e-01 3.139836e-01 8.008624e-01 1.737384e+00 1.442735e+00 1.125429e+00 8.292199e-01 7.896505e-01
7.102363e-01 1.757153e+00 1.285965e+00 5.378988e-01 1.849485e+00 2.576063e-01 9.546965e-02 5.881375e-01 3.583134e-01 8.640701e-01 8.712961e-01 7.877225e-02 1.106983e+00 7.580646e-02 1.415243e+00
1.179263e+00 9.472085e-01 6.435151e-01 1.022854e+00 1.164899e+00 9.741935e-01 2.086024e-01 4.579319e-01 9.374458e-01 6.972244e-01 3.038095e-01 1.978972e+00 6.534619e-01 1.121715e+00 8.270025e-02
1.060626e+00 2.100429e-01 1.529176e+00 4.226631e-01 6.251099e-01 8.992003e-01 5.122644e-02 7.553502e-01 4.387832e-01 9.466838e-01 1.633996e+00 2.854309e-02 2.977090e-01 5.973570e-04 3.254767e-01
1.320952e+00 8.775096e-01 1.467549e+00 6.458276e-01 5.391664e-01 8.405804e-01 7.005241e-01 7.189142e-01 4.012755e-01 6.029954e-01 7.674322e-01 1.950824e+00 5.392481e-02 3.207666e-02 5.944326e-01
1.817645e+00 1.434907e+00 5.844408e-01 5.081500e-01 1.083744e+00 9.620210e-01 9.846547e-01 7.989924e-01 5.699611e-01 2.375853e-01 7.241793e-01 6.373085e-01 8.063534e-01 1.943137e-01 1.534767e+00
1.980378e+00 1.618418e+00 4.093145e-01 1.379203e+00 1.092566e+00 6.613308e-01 1.811267e-01 1.644154e-01 8.877994e-01 8.203990e-01 1.769115e+00 9.774261e-01 3.200713e-01 1.838603e+00 1.950279e+00
8.542281e-01 2.463621e-01 1.617283e+00 3.589326e-01 1.182377e+00 8.413005e-01 1.785296e-01 8.506193e-01 7.836777e-01 8.876807e-01 3.788613e-01 1.268669e+00 1.048859e+00 1.299843e+00 1.935496e+00
1.923443e+00 1.916576e+00 9.831900e-01 5.055394e-01 8.307760e-01 7.689330e-01 3.849318e-01 7.475174e-01 8.122864e-01 2.782428e-01 1.838409e+00 1.873070e+00 9.119918e-01 9.198527e-01 1.167288e+00
8.048269e-01 1.193595e+00 1.260366e+00 1.101548e+00 8.955301e-01 6.574944e-01 5.603700e-01 9.982309e-01 5.863556e-01 2.317344e-01 9.028534e-01 1.924236e-01 1.619724e+00 1.819732e+00 1.618875e+00
1.218349e+00 1.962452e+00 7.703129e-01 1.231996e+00 1.035229e+00 3.305863e-01 3.110650e-01 8.344093e-01 6.795720e-01 8.041318e-01 1.232522e+00 9.977665e-01 1.315072e+00 1.373396e+00 1.780801e-01
4.691625e-01 1.221684e+00 1.456311e+00 1.749368e+00 4.949527e-01 2.752557e-01 2.544738e-01 9.820529e-01 9.245653e-01 1.000298e-01 1.987354e+00 4.301452e-01 1.507115e+00 1.280822e+00 1.751659e+00
1.988600e+00 1.511667e+00 1.715872e+00 1.341064e+00 2.967862e-01 9.841167e-01 7.831193e-01 8.450305e-02 8.380154e-01 8.134026e-01 2.819202e-01 1.712218e-02 1.932375e+00 8.366861e-01 6.129842e-01
1.393729e+00 5.788370e-01 9.790528e-01 1.795245e+00 3.296491e-01 1.681559e-01 4.995760e-01 8.299884e-01 2.953362e-01 8.474008e-01 8.815288e-01 8.939401e-01 1.120156e-01 1.609391e+00 1.068990e+00
2.597892e-01 4.603467e-01 1.697639e+00 8.182161e-01 1.122108e+00 2.498059e-01 9.213253e-01 5.985198e-01 6.288093e-01 2.685986e-01 9.159188e-01 1.668544e+00 5.110699e-01 2.337271e-02 1.599607e+00
9.377622e-01 1.058982e+00 1.991867e+00 7.033346e-01 9.697808e-01 7.066243e-01 2.850446e-01 5.542080e-01 1.268713e-01 9.983570e-01 1.780528e+00 1.259746e-01 1.669428e-02 1.686037e+00 5.306916e-01
1.459828e+00 9.899960e-01 2.739185e-01 1.336107e+00 7.688241e-01 8.044169e-01 6.532011e-02 9.325548e-01 5.787139e-01 3.294651e-01 9.906076e-01 5.091001e-02 6.855035e-01 1.321631e+00 4.292151e-01
5.134081e-01 1.998814e+00 1.542780e+00 1.594269e+00 1.264116e+00 1.153006e-01 1.221622e-01 6.485386e-01 8.324131e-02 9.300352e-02 5.952470e-02 4.638630e-01 1.376798e+00 1.243034e+00 1.963240e+00
1.776254e+00 1.706091e+00 1.026075e+00 8.408162e-01 6.549455e-01 5.171370e-01 7.408890e-01 3.446515e-01 8.285152e-01 6.606769e-02 1.749530e+00 1.747342e+00 5.266882e-01 6.616177e-01 1.047682e+00
1.031201e+00 1.373676e+00 1.093856e+00 1.709081e+00 1.407498e+00 5.719663e-01 1.694174e-01 1.905975e-01 9.652655e-01 4.168980e-01 1.402395e+00 1.456404e+00 9.234822e-01 7.105644e-01 5.972039e-01
1.019975e+00 4.172547e-01 1.653682e+00 5.112931e-01 7.328798e-01 8.383299e-01 1.922459e-01 8.534182e-01 3.422657e-01 5.581404e-01 1.094609e+00 1.972117e+00 3.706080e-01 6.766337e-01 9.325540e-01
1.038449e+00 1.029032e+00 2.171667e-01 1.208304e+00 1.253182e+00 9.421665e-01 5.939525e-02 6.567325e-01 6.168984e-01 8.353306e-01 4.441092e-01 1.538610e+00 1.964563e+00 2.989164e-01 1.212294e+00
1.970938e+00 1.449858e+00 2.968689e-01 1.696573e+00 5.754467e-01 9.196679e-01 4.020258e-01 5.239887e-01 7.992849e-01 7.257676e-01 1.202351e+00 1.378498e+00 4.360184e-01 1.723978e+00 1.183353e+00
1.466305e+00 6.048159e-01 1.977133e+00 2.691034e-01 3.444589e-01 7.168243e-01 1.103169e-01 3.591441e-01 7.314981e-01 8.062659e-02 6.547166e-01 7.533021e-01 1.061885e+00 8.232395e-01 1.514560e+00
1.835080e+00 1.834534e+00 1.307760e+00 3.401575e-01 1.641826e+00 5.877564e-01 9.970539e-01 9.087493e-01 6.028799e-01 7.970696e-01 1.831661e+00 1.299316e+00 9.465510e-03 1.119496e+00 4.161844e-01
3.078836e-01 1.273555e+00 1.232499e+00 6.928699e-01 1.636395e+00 8.187842e-01 8.770775e-01 7.911943e-01 2.723319e-01 6.943230e-01 1.407945e+00 4.284222e-01 9.798681e-01 6.803103e-01 1.550010e+00
7.722659e-01 3.509490e-01 7.127996e-01 1.166230e+00 1.041958e+00 1.300119e-01 7.047675e-01 5.306817e-01 5.239935e-01 3.197939e-01 1.348107e-01 1.094439e+00 3.948560e-01 4.703927e-01 1.125129e+00
1.944262e+00 2.916810e-01 1.147856e+00 1.926334e+00 1.586289e+00 4.986073e-01 5.093913e-01 2.252705e-01 2.131125e-01 8.377745e-02 3.461664e-01 1.478428e+00 1.836929e-01 1.762977e+00 1.869558e+00
1.878673e+00 2.078761e-01 3.777821e-01 1.622086e+00 2.338161e-01 6.095245e-01 6.721758e-01 4.905031e-01 8.471148e-01 9.084089e-01 1.469170e+00 1.750174e+00 1.083850e+00 4.911895e-01 1.564644e+00
7.494127e-01 1.784593e+00 1.592616e+00 1.578666e+00 8.615132e-01 9.435450e-01 5.270406e-01 5.907069e-01 1.384036e-01 8.537097e-01 4.068595e-01 4.673978e-01 1.876922e+00 1.317466e+00 4.943757e-01
8.354450e-01 1.506673e+00 1.387618e+00 1.652023e+00 1.047788e+00 5.330898e-01 7.172465e-01 9.055310e-01 7.668685e-01 3.587294e-01 9.818448e-01 6.688952e-01 6.637773e-01 1.829944e+00 5.829124e-01
7.489626e-01 1.088440e+00 1.028035e+00 1.992782e+00 8.257715e-01 2.913490e-01 4.100058e-01 1.181804e-01 7.371036e-01 2.578958e-01 2.791897e-01 2.441292e-01 1.385550e+00 1.941121e+00 4.679261e-01
1.265269e+00 6.587885e-01 7.399574e-01 1.619478e+00 1.620598e+00 4.099807e-01 8.450424e-01 5.653377e-01 5.043755e-02 8.724324e-01 6.715399e-01 1.681014e+00 4.481096e-01 1.956338e-01 1.162020e+00
1.103906e+00 3.335794e-01 8.456189e-01 8.695510e-01 2.164217e-01 4.019599e-01 2.999813e-01 4.742960e-01 9.414725e-01 9.957896e-01 1.756991e+00 1.310205e+00 1.461057e+00 1.508589e+00 1.746689e+00
2.767227e-01 6.396993e-01 3.431979e-01 1.717195e+00 9.836907e-01 5.269571e-01 7.095557e-01 5.344537e-01 8.635766e-01 9.924237e-01 1.882224e+00 1.933587e+00 1.367057e+00 1.549399e+00 1.989666e+00
1.611566e+00 1.257499e+00 8.321751e-01 7.137690e-01 1.470637e+00 7.852512e-01 7.366605e-01 3.061055e-01 8.893008e-01 1.132697e-01 1.196362e+00 1.318482e+00 1.400569e+00 4.957654e-01 2.651694e-03
6.969797e-01 1.155021e+00 9.102212e-01 1.013454e+00 1.845757e+00 7.899949e-01 9.151946e-01 1.895745e-01 5.133065e-01 3.777919e-01 5.550837e-01 1.030408e+00 1.015133e+00 3.650398e-01 7.663760e-01
1.718374e+00 1.408716e+00 4.029430e-01 6.676402e-01 9.295761e-01 1.858621e-01 6.619758e-01 7.755131e-01 1.083842e-01 8.062913e-01 1.644901e+00 1.893908e-01 7.457775e-01 1.481766e+00 6.082861e-01
1.215687e+00 8.124845e-01 3.504156e-01 7.317392e-01 1.819158e+00 7.280426e-01 5.223214e-01 1.012384e-01 4.056427e-01 8.505561e-01 6.800605e-01 1.906967e+00 1.087205e+00 1.935477e+00 2.854583e-01
2.958874e-01 7.767312e-01 1.670465e+00 2.137622e-01 5.359767e-01 1.836382e-01 3.330573e-01 7.702120e-01 4.131677e-01 2.750613e-01 8.123290e-01 2.528868e-01 4.538149e-01 1.216961e+00 7.284184e-01
5.803106e-01 1.625133e+00 1.779484e+00 1.247676e+00 1.378736e+00 5.020464e-01 3.902624e-01 2.349521e-01 2.543029e-01 3.514894e-01 1.247890e+00 5.671277e-03 1.261847e-01 6.562726e-01 8.663621e-01
1.501673e+00 7.977169e-01 1.057309e+00 4.590518e-01 1.831708e+00 2.218120e-01 5.750983e-01 2.922819e-01 7.632016e-01 9.236037e-01 8.775336e-01 5.033185e-01 1.160584e+00 9.785221e-01 1.853471e+00
1.236761e+00 6.843611e-01 9.023345e-01 9.480981e-01 4.882007e-01 6.475635e-01 9.667885e-01 9.852688e-01 9.909971e-01 4.970456e-01 3.209022e-02 1.998472e+00 4.703525e-01 1.832221e+00 1.662410e+00
1.484900e+00 1.080109e+00 1.985364e+00 1.028211e+00 1.353841e+00 7.776354e-01 7.322782e-01 1.947326e-01 9.345849e-01 9.624333e-01 1.025152e+00 1.222270e+00 1.212268e+00 1.969968e+00 4.893059e-01
5.967105e-01 3.025578e-01 1.143417e+00 7.469768e-01 1.940099e+00 4.820123e-01 2.766960e-01 6.255381e-01 7.010616e-01 8.855613e-01 1.723278e+00 1.902629e+00 8.700713e-02 1.851811e-01 8.737831e-01
1.339743e+00 9.648031e-01 1.330173e+00 1.073689e+00 7.241112e-01 6.597831e-01 4.894824e-01 2.561499e-01 2.101545e-01 5.510834e-01 1.105299e+00 8.879689e-01 8.975152e-01 8.706390e-01 4.491630e-02
1.299892e+00 5.686648e-01 4.709433e-01 1.252551e+00 1.722673e+00 5.582039e-01 9.457177e-01 7.943945e-01 6.073120e-01 5.512335e-01 5.917284e-01 1.384023e-01 1.582781e+00 7.403185e-01 1.337903e+00
1.547627e+00 7.301395e-01 2.112586e-01 1.909574e+00 1.812128e+00 3.697026e-01 5.408740e-01 9.003525e-02 5.943155e-01 5.986956e-01 2.354365e-01 1.257274e+00 7.164129e-01 1.178296e+00 1.549131e+00
1.436600e+00 1.466445e+00 8.127479e-01 1.895310e+00 1.139104e+00 8.189702e-02 1.589248e-01 5.149392e-02 5.420457e-02 5.624966e-01 5.723236e-01 9.208202e-01 1.066269e+00 5.471219e-01 1.488294e+00
6.663933e-01 1.332949e+00 1.662124e+00 7.804258e-01 1.298700e+00 3.739331e-01 4.229722e-01 5.987574e-01 3.327891e-01 1.037547e-01 2.484453e-02 1.698525e+00 4.488046e-02 2.809289e-01 6.736837e-01
1.120531e+00 2.145522e-01 8.929585e-01 9.348746e-01 1.760436e+00 9.169626e-01 8.521846e-01 7.158922e-01 2.743715e-01 2.732393e-01 1.991121e+00 1.638292e+00 6.251732e-01 1.670552e-01 5.294772e-01
1.477414e+00 3.615682e-01 1.899886e+00 5.740329e-01 8.177644e-01 3.200475e-01 7.869800e-01 3.682957e-01 9.468741e-01 2.532782e-01 1.427471e+00 1.523757e-01 2.381917e-01 8.611515e-01 1.816565e+00
3.943881e-01 4.802588e-01 1.805798e+00 1.003894e+00 1.530099e+00 4.164999e-01 5.473576e-01 9.542796e-01 4.582918e-01 7.257222e-02 1.437539e+00 1.180795e+00 1.035966e+00 1.338071e+00 1.463981e+00
1.154468e+00 1.446412e+00 1.848490e+00 1.825599e+00 1.779148e+00 1.426789e-01 9.642730e-01 1.779433e-01 8.132183e-01 2.675162e-01 1.964901e+00 9.856102e-01 4.336267e-01 8.424593e-01 1.959634e+00
1.056772e+00 5.523576e-01 8.484801e-01 3.921296e-01 1.057669e+00 6.791675e-01 1.885949e-01 8.503658e-01 8.077779e-01 6.076167e-01 1.224091e+00 9.126655e-01 1.020660e-01 3.601618e-01 5.799451e-01
1.384117e+00 3.091884e-01 1.742281e+00 1.199330e+00 6.224103e-01 5.635614e-01 7.059678e-01 9.162507e-02 5.910562e-01 3.133795e-01 1.032694e+00 1.135989e+00 4.139225e-01 1.985321e+00 2.072909e-02
1.984502e+00 1.394013e+00 7.030729e-01 1.731541e+00 1.725902e+00 7.935970e-01 3.132241e-01 6.446793e-01 1.708379e-01 9.166084e-01 7.733909e-02 7.017021e-02 4.838701e-03 1.010898e+00 1.681406e+00
6.885814e-01 1.799683e+00 1.089627e+00 6.169593e-01 1.417296e+00 5.243783e-01 6.038922e-01 3.362458e-01 4.975399e-01 9.255426e-01 6.648615e-01 8.615574e-01 1.831884e+00 1.032683e+00 1.492123e+00
2.320922e-01 2.684009e-01 7.947967e-01 1.639716e+00 1.719445e+00 8.118322e-01 8.281057e-01 7.635533e-01 4.627768e-01 4.995297e-01 1.654984e+00 9.621142e-01 1.522057e+00 1.729390e+00 1.591904e+00
2.212222e-01 1.519687e+00 5.781201e-01 1.442385e+00 1.465231e+00 3.249571e-01 7.853128e-01 5.544621e-02 1.993895e-01 4.421726e-01 2.293829e-01 7.090164e-01 1.244236e-01 9.954290e-01 8.846873e-01
5.535044e-01 1.279479e+00 6.929955e-01 1.093033e+00 1.395633e+00 6.713379e-01 1.026304e-01 4.654119e-01 9.148034e-01 6.737756e-01 1.788984e+00 5.422066e-01 1.808786e+00 4.570593e-01 2.601256e-01
4.944043e-01 1.405691e+00 2.816746e-01 1.824258e+00 1.485466e+00 8.266872e-01 6.005077e-01 4.879362e-01 2.325921e-01 1.678796e-01 7.413308e-02 1.391191e+00 1.354834e+00 6.221635e-01 1.674482e+00
1.527129e+00 3.041992e-01 5.478261e-01 1.077742e+00 1.741065e+00 2.887693e-01 3.246513e-01 2.848772e-01 6.603988e-01 7.937834e-01 7.549152e-01 1.186173e+00 5.716079e-02 3.282597e-01 9.104243e-01
5.638516e-01 1.826486e+00 8.366438e-01 1.259549e+00 4.735740e-01 4.702817e-01 9.099758e-01 3.387204e-01 3.597035e-01 8.704481e-01 4.939479e-01 6.162723e-01 1.384314e+00 8.682924e-02 3.146877e-01
1.033494e+00 9.713893e-01 6.826291e-01 2.663651e-01 1.905514e+00 2.054561e-01 2.987568e-01 2.443864e-01 6.851522e-01 6.381898e-01 1.075377e+00 1.023920e+00 1.989886e+00 1.142406e+00 9.960648e-02
1.127750e+00 9.102273e-01 9.781977e-01 1.678159e+00 1.032178e+00 8.510794e-01 8.845020e-01 6.239558e-01 3.273601e-01 9.394477e-01 1.485288e+00 1.759649e+00 1.782911e+00 1.532618e+00 8.774114e-01
9.511199e-01 2.299719e-01 1.366946e+00 1.819337e+00 1.950909e+00 6.023238e-01 6.730660e-01 1.983645e-01 6.055164e-01 1.109264e-01 1.394515e+00 7.929341e-01 7.405865e-01 1.109120e+00 2.208710e-01
1.622708e+00 3.908362e-01 1.863024e+00 8.723137e-01 1.890966e+00 7.260017e-01 8.592693e-01 3.343262e-01 6.578639e-01 2.104951e-01 1.379258e+00 1.097520e+00 9.663187e-01 1.884132e+00 1.225957e+00
6.219074e-01 1.387049e+00 1.810878e+00 1.384877e+00 4.482031e-01 4.782068e-01 5.417170e-01 9.922298e-02 7.521818e-01 2.828490e-01 7.879093e-01 9.661228e-01 9.524732e-01 9.081868e-01 1.521297e+00
1.614406e+00 4.097232e-01 2.075190e-01 9.561145e-01 1.428553e+00 8.142154e-01 6.479697e-01 3.180648e-01 3.039070e-01 1.870929e-01 1.944168e+00 1.549149e+00 1.812247e+00 1.394951e+00 6.924459e-02
1.551625e+00 7.544421e-01 2.377359e-01 1.025715e+00 1.962188e+00 8.974986e-01 8.992547e-01 9.702194e-01 6.836505e-01 2.051561e-01 9.097118e-01 4.728693e-01 3.324990e-01 5.820056e-01 1.357704e+00
8.639918e-01 1.778567e+00 3.338887e-01 2.989110e-01 1.421971e+00 1.688076e-01 9.206508e-02 2.365079e-01 5.085648e-01 1.557953e-01 1.112747e+00 1.245507e+00 1.158385e+00 7.750617e-01 1.094374e+00
1.446167e+00 2.650954e-01 1.222371e+00 6.811111e-01 1.193348e+00 5.727386e-01 2.917016e-01 6.123151e-01 2.895424e-01 1.226681e-01 1.390951e-01 6.794164e-02 3.636727e-02 3.393488e-01 1.158773e+00
2.630093e-01 6.449913e-01 2.274679e-01 1.640003e+00 2.533769e-01 6.544389e-01 8.215440e-01 8.254726e-01 4.331401e-01 4.231382e-01 4.574202e-01 1.772043e+00 9.324582e-01 8.937294e-01 1.949839e+00
1.708230e+00 1.966994e+00 1.644675e+00 9.066435e-01 1.822097e+00 3.493900e-01 6.101578e-01 8.328484e-01 4.786980e-01 1.823778e-01 1.716850e+00 1.332318e+00 7.000435e-01 1.397125e+00 1.473307e+00
1.755741e+00 1.096180e+00 2.255051e-01 1.532264e+00 1.340864e+00 2.927152e-01 5.304661e-02 9.340592e-01 3.684337e-01 4.740034e-01 3.369785e-01 1.191746e+00 1.588644e+00 1.541499e+00 2.908502e-01
4.762751e-01 7.929050e-01 1.921961e+00 5.323660e-01 1.125146e+00 7.107238e-02 7.258207e-01 3.491932e-01 3.129374e-01 2.974594e-01 4.461698e-01 1.400917e+00 5.529259e-01 8.677990e-01 1.007735e+00
1.065295e+00 6.616154e-01 6.485193e-01 1.425639e+00 1.983501e+00 6.651216e-01 4.122555e-01 6.880104e-01 8.398683e-01 4.709034e-01 3.656546e-01 1.358527e+00 1.435993e+00 1.890062e+00 1.903696e+00
1.603833e+00 2.339371e-01 2.435303e-01 3.362425e-01 1.175605e+00 5.151258e-01 5.338533e-01 7.402951e-01 9.040023e-01 7.518619e-02 6.497810e-01 1.939931e+00 5.191292e-01 1.900010e+00 8.267895e-01
3.226881e-01 8.003888e-01 8.236225e-01 1.611843e+00 8.424328e-01 5.301407e-01 6.789450e-01 6.740198e-01 3.841123e-01 9.687203e-01 1.160063e-01 6.851592e-01 1.872733e+00 1.336262e-01 6.549989e-01
1.017714e+00 1.093983e+00 1.792738e+00 1.241021e+00 1.604714e+00 1.967842e-01 7.728802e-01 6.137083e-02 7.137424e-01 6.932434e-01 2.244521e-01 8.280693e-01 1.193098e+00 7.074028e-01 6.210863e-01
1.207839e+00 7.402848e-01 6.880693e-01 1.781223e+00 2.076075e-01 2.651322e-01 3.814372e-01 3.969778e-01 4.684691e-01 6.139969e-01 3.959377e-01 3.522623e-01 1.891320e+00 1.998171e+00 7.946332e-01
6.939324e-01 1.106767e+00 1.190555e+00 6.441393e-01 1.343965e+00 5.083627e-01 7.781994e-01 3.216289e-01 9.937100e-01 3.023954e-01 4.258214e-01 1.218111e+00 1.273146e+00 4.607844e-01 1.447450e+00
4.461924e-01 1.630710e+00 8.941250e-01 8.880172e-01 8.897787e-01 9.270458e-01 2.094585e-01 8.897968e-01 4.235164e-01 5.924763e-01 6.920948e-01 8.684408e-01 1.360621e+00 4.697409e-01 1.774224e+00
1.634254e+00 4.709219e-01 1.380838e+00 1.919799e+00 4.095842e-01 6.340150e-01 2.896236e-01 7.316112e-01 6.237812e-02 6.332173e-01 1.328949e+00 1.765041e+00 4.568526e-01 1.840735e+00 1.252664e+00
9.191235e-01 1.438117e+00 1.300755e+00 1.496916e+00 3.729807e-01 6.841633e-01 6.284760e-01 7.779766e-01 6.511855e-01 9.709430e-01 5.761072e-01 1.664230e+00 6.962598e-01 2.257056e-01 1.907753e+00
1.857220e+00 4.628473e-01 6.561098e-01 1.321396e+00 1.260101e+00 4.210272e-01 1.975566e-01 1.568810e-01 1.812810e-01 6.414455e-01 8.502805e-01 1.925971e+00 1.104808e+00 8.571516e-01 3.785359e-01
1.507820e+00 2.878378e-01 1.209961e+00 6.992495e-01 1.011064e+00 9.261478e-01 9.079535e-01 4.988042e-01 3.167621e-01 2.151830e-01 1.314656e+00 1.924091e+00 9.094022e-01 1.357441e+00 1.126204e-01
1.247613e+00 1.812694e+00 5.073211e-01 2.790179e-01 4.149132e-01 5.903360e-01 6.367038e-01 9.941817e-01 5.575594e-01 8.448289e-01 1.849776e+00 1.149466e+00 7.534164e-01 1.772615e+00 1.722424e-01
1.801497e+00 1.709678e+00 9.322748e-01 1.180193e+00 8.485017e-01 7.701200e-01 4.592036e-01 4.681544e-01 9.095396e-01 7.911509e-01 7.770917e-01 1.494270e-01 5.959100e-01 1.103276e+00 7.205938e-01
1.653076e+00 1.742036e+00 4.018031e-01 7.273525e-01 5.870347e-01 1.371623e-01 5.348606e-01 2.289441e-01 3.617095e-01 5.154311e-01 1.317412e+00 1.983429e+00 1.785779e+00 6.926924e-02 1.533636e-01
1.392068e+00 1.261068e+00 1.709025e+00 9.778871e-01 9.659271e-01 4.450062e-01 7.644357e-01 3.325272e-01 8.659742e-01 6.650267e-01 1.858532e+00 3.684987e-01 1.915446e-01 1.084910e+00 1.324800e+00
1.248939e+00 1.685232e+00 1.972102e+00 5.523426e-01 1.250763e+00 4.907743e-01 4.056779e-01 6.397867e-01 2.369748e-01 5.888427e-01 1.518693e+00 1.914978e+00 6.810444e-01 1.562238e+00 1.447131e-01
6.021938e-01 2.242177e-01 1.438387e+00 1.219790e+00 1.625828e+00 3.051122e-01 2.287674e-01 4.170695e-01 1.432258e-01 7.362184e-01 2.032266e-01 7.301436e-01 1.231105e+00 1.312293e+00 1.570235e+00
1.003054e+00 3.242865e-01 1.158387e+00 1.685974e+00 1.452529e+00 9.028161e-01 2.460739e-01 4.949016e-01 6.116593e-01 7.866165e-01 1.893204e+00 1.044218e+00 1.992634e+00 5.261707e-01 2.718356e-02
1.765513e+00 1.419594e+00 4.671027e-01 3.958078e-01 5.468937e-01 5.750269e-01 6.962839e-02 7.069549e-01 6.411264e-01 7.622976e-01 1.087661e+00 7.780931e-01 9.930259e-01 7.484931e-01 6.329786e-01
1.497887e+00 1.752271e+00 1.998476e+00 5.948903e-01 2.674395e-01 3.727944e-01 9.264234e-01 5.142803e-01 6.977738e-01 6.706365e-01 1.176496e+00 5.547515e-01 9.177723e-01 1.275685e-01 1.580494e+00
1.911192e+00 1.791384e+00 1.944210e+00 6.057944e-01 1.899571e+00 2.135629e-01 2.646529e-01 1.267815e-01 2.385233e-01 7.681241e-01 1.546103e+00 6.645779e-01 3.991053e-01 1.917257e+00 1.035532e-01
1.640089e+00 1.142683e+00 1.266870e+00 1.239339e+00 1.555774e+00 7.445879e-01 5.052184e-01 4.207261e-01 8.229410e-01 2.923854e-01 9.139436e-01 1.130453e+00 1.201886e+00 1.611704e+00 4.321668e-01
1.794299e+00 2.380174e-01 1.584136e+00 1.724820e+00 1.335025e+00 6.229455e-01 6.356442e-01 5.019221e-01 7.586681e-01 8.169155e-01 1.780716e-01 8.829938e-01 4.152180e-01 1.782353e+00 1.665649e+00
9.100133e-01 6.641627e-01 6.187098e-01 1.715165e+00 1.114175e+00 6.820663e-01 3.149581e-01 7.259742e-01 5.331988e-01 5.313360e-01 3.234361e-01 1.607217e+00 1.681079e+00 9.631078e-01 3.710632e-01
1.991091e+00 1.239798e+00 1.822185e+00 2.573918e-01 1.838502e+00 1.353993e-01 3.668864e-01 1.462218e-01 2.062992e-01 3.941986e-01 2.062956e-01 3.213824e-01 4.213476e-01 7.041232e-01 1.575092e+00
8.397425e-01 9.320644e-01 1.178917e+00 1.434279e+00 2.617354e-01 9.894084e-01 7.358638e-01 2.790540e-01 9.173515e-01 5.249922e-01 1.594947e+00 1.500870e+00 4.253387e-01 4.179664e-01 4.615054e-02
1.974399e+00 1.738658e+00 1.558784e+00 1.986917e+00 8.080207e-01 1.782683e-01 9.072697e-01 3.838583e-01 8.184845e-01 5.885319e-02 2.881408e-01 1.840443e+00 2.526930e-02 2.537089e-01 1.793503e+00
2.023940e-01 9.865657e-01 1.492320e+00 4.309642e-01 1.476558e+00 7.354858e-01 4.515634e-01 4.926406e-01 5.805114e-01 6.689432e-01 9.950043e-01 1.125524e+00 1.750300e+00 6.120017e-01 4.774669e-01
1.272634e+00 6.275965e-01 5.377187e-01 1.595597e+00 4.358096e-01 5.054242e-01 9.646467e-01 6.544832e-01 8.923408e-01 7.591498e-01 1.311706e-02 4.736669e-02 1.920553e+00 1.712894e+00 1.696169e+00
1.234472e+00 7.221754e-01 5.628215e-01 3.995050e-01 5.583237e-01 1.932219e-01 5.789361e-01 4.551104e-01 6.379776e-01 1.311415e-01 9.559050e-01 8.211482e-01 1.267514e+00 1.554551e+00 7.462638e-01
1.334934e+00 1.565807e+00 5.343948e-01 1.368953e+00 4.221551e-01 7.197024e-01 3.202163e-01 9.874480e-01 4.419115e-01 3.598496e-01 1.141604e+00 1.895934e+00 9.871808e-01 2.723784e-01 1.232367e+00
1.867527e+00 1.845080e+00 1.588476e+00 1.415771e+00 1.064527e+00 5.964007e-02 5.617965e-01 6.294139e-01 6.266170e-01 9.111361e-01 6.670411e-01 1.778775e+00 1.549335e+00 1.865806e+00 2.586665e-01
1.144000e+00 1.350229e+00 1.173150e+00 1.469334e+00 3.485017e-01 8.743903e-01 3.376921e-01 4.804094e-01 1.131106e-01 7.445345e-01 2.022728e-04 1.815178e+00 1.798704e+00 1.673849e+00 2.548919e-01
1.441683e+00 3.839421e-01 1.242607e+00 8.561348e-01 1.922754e+00 8.826841e-01 3.999186e-01 3.301929e-01 2.695116e-01 3.988285e-01 1.160199e+00 1.484704e+00 3.067781e-01 8.478739e-01 3.924937e-01
5.369307e-01 1.518040e+00 8.800662e-01 1.891696e+00 1.099220e+00 1.769734e-01 8.419900e-01 9.215898e-01 9.098703e-01 8.894757e-01 1.957347e+00 1.206384e+00 1.340539e+00 5.115137e-01 1.187216e+00
8.126098e-01 1.891952e+00 1.417303e+00 3.098466e-01 4.840857e-01 4.237528e-01 1.726816e-01 2.015415e-01 6.723917e-01 1.356239e-01 1.343612e+00 1.230071e+00 1.827858e+00 1.181009e+00 9.968958e-01
1.630063e+00 1.664001e+00 3.609719e-01 4.439685e-01 9.977386e-01 4.839039e-01 6.493624e-01 3.913232e-01 3.750530e-01 6.395120e-01 1.622589e+00 1.650856e+00 4.798100e-01 1.091252e+00 7.641077e-01
7.925391e-01 1.003108e+00 1.378515e+00 1.054483e+00 8.590493e-01 4.132062e-01 4.217066e-01 5.251623e-01 3.411503e-01 8.113081e-01 1.215905e+00 1.642844e+00 1.541835e+00 5.441144e-01 1.278807e-01
4.988972e-01 1.972971e+00 5.524753e-01 9.787562e-01 1.959216e+00 7.930434e-01 6.455065e-01 5.007278e-01 5.497846e-01 3.557530e-01 9.302468e-01 7.439000e-01 1.424822e+00 1.378215e+00 1.874579e+00
1.689615e+00 1.328152e+00 1.754969e+00 4.985614e-01 1.979152e+00 6.407257e-01 1.870109e-01 9.302018e-01 2.040838e-01 5.295134e-01 1.208052e+00 3.423324e-01 2.722717e-01 3.476125e-01 2.727411e-01
3.627559e-01 8.167585e-01 1.126789e+00 1.765124e+00 6.480114e-01 1.979372e-01 7.203666e-01 4.590930e-01 5.616872e-01 9.820021e-01 9.730290e-01 7.586075e-01 1.131283e+00 1.275948e+00 9.559946e-01
8.693726e-01 5.235930e-01 1.136623e+00 2.437911e-01 5.195365e-01 4.069710e-01 2.048642e-01 2.192001e-01 2.994293e-01 7.546282e-01 1.680861e+00 4.496738e-01 1.408123e+00 1.048934e+00 8.855256e-01
1.460378e+00 1.251275e+00 6.312360e-01 1.044929e+00 5.242670e-01 9.554810e-02 5.928636e-01 5.115423e-01 6.880937e-01 5.026816e-02 1.712715e+00 1.417847e+00 7.342063e-01 6.874676e-01 5.676902e-01
4.174069e-01 4.753717e-01 6.352973e-01 1.066164e+00 1.634321e+00 6.909548e-01 5.317780e-01 6.682628e-01 6.331113e-01 3.454748e-01 1.978661e+00 1.303448e+00 1.725508e+00 5.964573e-01 5.359533e-01
1.416148e+00 4.535648e-01 4.248472e-01 3.336673e-01 1.106808e+00 9.303575e-01 1.069218e-01 7.824485e-01 5.360098e-01 4.640584e-01 5.349223e-01 2.375825e-01 8.845663e-01 6.533532e-01 4.584927e-01
1.224857e+00 1.494099e+00 6.971985e-01 1.204869e+00 1.806795e+00 5.596175e-01 6.867851e-01 5.690106e-01 5.452418e-01 3.634896e-01 5.893552e-01 1.045007e+00 2.919704e-01 1.134499e-01 1.343915e+00
1.313116e+00 4.459374e-01 1.408049e+00 1.666394e+00 1.746753e+00 2.140416e-01 8.473703e-01 8.403771e-01 6.709974e-02 4.208500e-01 1.885514e+00 1.868951e+00 1.121972e+00 1.910833e+00 1.838887e+00
2.858923e-01 5.258483e-01 1.840454e+00 1.373546e+00 1.235914e+00 7.098902e-01 9.911206e-01 6.209450e-01 5.045853e-01 1.346023e-01 8.303339e-01 2.973123e-01 1.938477e+00 1.199323e+00 1.570312e-01
9.666670e-01 8.828496e-01 1.511125e+00 3.212396e-01 1.882558e+00 7.390940e-01 6.396263e-01 4.371919e-01 5.743147e-01 7.119838e-01 1.146452e+00 5.156079e-01 3.191115e-01 1.796972e+00 1.042754e+00
1.240971e+00 1.817898e+00 1.271262e+00 1.355445e+00 3.349462e-01 1.105852e-01 5.143867e-01 5.171404e-01 5.595656e-01 2.210226e-01 1.864053e+00 1.453826e+00 1.655558e-01 1.926128e+00 1.776133e+00
4.012266e-01 1.869386e+00 1.431059e+00 4.867776e-01 1.158273e+00 1.638468e-01 4.820900e-01 2.115039e-01 7.165755e-01 2.483248e-01 1.445409e-01 1.915455e+00 6.421547e-01 1.514591e-01 8.225946e-01
1.843941e+00 1.958841e+00 5.167543e-01 1.654353e+00 1.694820e+00 1.197240e-01 7.180673e-01 8.942445e-01 6.717697e-01 1.470376e-01 3.097825e-01 3.779034e-01 1.743678e+00 6.746977e-01 1.054086e+00
4.866213e-01 1.181675e+00 1.412774e+00 1.957562e+00 1.372665e+00 5.830869e-01 2.212925e-01 5.954303e-01 1.800931e-01 4.924429e-01 7.410487e-01 1.738253e+00 1.737262e+00 9.722878e-01 1.978196e+00
1.471424e+00 1.388464e+00 1.769148e+00 1.869841e+00 1.400949e+00 1.021187e-01 8.178866e-01 8.660857e-01 1.171809e-01 6.357591e-01 6.126516e-01 6.976432e-01 1.519877e+00 1.023248e+00 1.518336e+00
1.202995e+00 6.808409e-01 1.578772e+00 1.941127e+00 1.246815e+00 1.813312e-01 5.376108e-01 4.343061e-01 4.830073e-01 4.480384e-01 8.560320e-01 6.100794e-01 1.303227e+00 1.592542e+00 1.634781e+00
1.490300e+00 1.548235e+00 1.060230e+00 7.615912e-01 1.833804e+00 3.479491e-01 5.888659e-01 2.517434e-01 2.217411e-01 4.868738e-01 3.122427e-01 4.146661e-01 1.700722e+00 1.584973e+00 6.464338e-01
1.848836e+00 6.543930e-01 1.247738e+00 6.704063e-01 1.510674e+00 5.924055e-01 8.733300e-01 8.166573e-02 9.558085e-01 1.541755e-01 1.598792e+00 1.959252e-01 1.950536e+00 1.228636e+00 1.723248e+00
1.952682e+00 1.416961e+00 5.777489e-01 1.972248e+00 6.935189e-01 5.948420e-01 1.205951e-01 4.435976e-01 2.156160e-01 9.792107e-01 8.042509e-01 5.978647e-01 3.121458e-01 1.559151e+00 1.974423e+00
1.997621e+00 1.123307e+00 7.410565e-01 1.778910e+00 9.802095e-01 5.473991e-01 4.642811e-01 1.256791e-01 7.218165e-01 4.258901e-01 2.922160e-01 5.842463e-01 1.092843e+00 5.667237e-01 7.966610e-01
2.939227e-01 1.158666e+00 4.772487e-01 8.991094e-01 1.735236e+00 6.199784e-01 5.607085e-02 6.980032e-01 9.195344e-01 9.945518e-01 1.807883e+00 1.201725e+00 1.602237e+00 1.424596e+00 9.452522e-01
1.010621e+00 1.112459e+00 1.403198e+00 1.458528e+00 4.455449e-01 7.881629e-01 3.486466e-01 2.893932e-01 7.893332e-01 5.605401e-01 2.979788e-01 4.822747e-01 5.392273e-01 1.133921e+00 7.147408e-02
1.871409e+00 1.208376e+00 3.831585e-01 1.136593e+00 1.481840e+00 4.942219e-01 3.160930e-01 8.872390e-01 1.560968e-01 5.064204e-01 1.434739e+00 1.588137e+00 8.030612e-01 6.437219e-01 8.064492e-01
8.279071e-01 1.579898e+00 1.730246e+00 8.617226e-01 1.791562e+00 6.736968e-01 3.607523e-01 6.836124e-01 5.927729e-01 8.336261e-01 1.866441e+00 1.113422e+00 5.946558e-01 1.804195e+00 9.764362e-01
4.359630e-01 2.970359e-01 1.518137e+00 9.729806e-01 1.110188e+00 6.152779e-01 2.820879e-01 3.236861e-01 4.532402e-01 8.784399e-01 1.733706e+00 1.190622e-02 3.596197e-01 3.573085e-01 1.062627e+00
4.546911e-01 1.197828e+00 1.265846e+00 1.847981e+00 1.330367e+00 7.484360e-01 9.787279e-01 2.602188e-01 1.630306e-01 7.132782e-01 9.635375e-01 3.186415e-01 4.426784e-01 1.993340e+00 1.377812e+00
8.457448e-01 1.554248e+00 1.447124e+00 1.700323e+00 1.365997e+00 8.541351e-01 6.644051e-01 3.790463e-01 2.421247e-01 4.574256e-01 3.724095e-01 9.168210e-01 3.819651e-01 8.543385e-01 1.056926e+00
1.083862e+00 1.537564e+00 9.408848e-01 8.907029e-01 1.987737e+00 3.958489e-01 8.749826e-01 1.477310e-01 7.714363e-01 8.559651e-01 7.705677e-01 8.166088e-01 1.695904e+00 9.664823e-01 3.666100e-01
1.134591e+00 1.984172e+00 8.719877e-01 1.392250e+00 1.570661e+00 2.997800e-01 7.223025e-01 6.481770e-01 4.310667e-01 7.725063e-01 5.437124e-01 4.031685e-01 1.708512e+00 1.159316e+00 6.176180e-01
5.299820e-01 4.958820e-01 1.388945e+00 1.706501e+00 7.935987e-01 8.584577e-01 9.613045e-01 9.108031e-01 9.867975e-01 6.828180e-01 1.999442e+00 3.709685e-01 1.143144e+00 1.528975e+00 3.486503e-01
1.053231e+00 1.361911e+00 3.568137e-01 1.606470e+00 2.192090e-01 6.422312e-01 3.295247e-01 9.914458e-01 5.706111e-01 4.684611e-01 1.453017e+00 1.488666e+00 9.264739e-02 3.440806e-01 9.601624e-01
1.791779e+00 5.604141e-01 1.314888e+00 6.221394e-01 1.566862e+00 3.034216e-01 3.982296e-01 1.131421e-01 7.805142e-02 1.573448e-01 8.369754e-01 1.260295e+00 5.445713e-01 1.038353e+00 2.841287e-01
1.357088e+00 1.289621e+00 5.445973e-01 1.506121e+00 1.464273e+00 4.547472e-01 9.294928e-01 6.665292e-01 9.547623e-01 9.775618e-01 3.345832e-01 1.290045e+00 1.487013e+00 1.646954e+00 7.056622e-01
1.924969e+00 1.383193e+00 1.705792e+00 1.032887e+00 1.079148e+00 8.797883e-01 5.514258e-01 7.680548e-01 3.561354e-01 6.620064e-01 1.071526e+00 4.958078e-01 2.675055e-01 1.568000e+00 9.532012e-03
1.050251e+00 9.550524e-01 1.679914e+00 1.294647e+00 1.305983e+00 7.620855e-01 1.597345e-01 6.643974e-01 1.415980e-01 9.599026e-01 4.999324e-01 1.553330e+00 5.675837e-01 5.895153e-01 1.507463e+00
1.540847e+00 1.456402e+00 1.047536e+00 7.381807e-01 1.072966e+00 2.107128e-01 1.174636e-01 2.098441e-01 6.482029e-01 4.766225e-01 9.694619e-01 2.076460e-01 1.001582e+00 3.087925e-01 5.128213e-01
1.657966e+00 2.180715e-01 1.219219e+00 5.660128e-01 1.240597e+00 8.316380e-01 8.630031e-02 1.035355e-01 5.417300e-01 4.844927e-01 1.157087e+00 1.386972e+00 1.432214e+00 1.002809e+00 7.149041e-01
1.275691e+00 1.746370e+00 1.132532e+00 4.699477e-01 5.804651e-01 3.220323e-01 5.567942e-01 1.806567e-01 9.390057e-01 1.635732e-01 1.005022e+00 1.305586e+00 1.532203e+00 5.620149e-02 1.084486e+00
9.822193e-01 1.807949e+00 6.610390e-01 1.588485e+00 5.684385e-01 5.849086e-01 2.787447e-01 4.752913e-01 7.863929e-01 2.252427e-01 1.382652e+00 9.047161e-01 1.662762e+00 1.979408e+00 9.672254e-01
9.917087e-01 6.960258e-01 3.357692e-01 8.010573e-01 6.146217e-01 5.064098e-02 9.190709e-01 7.394853e-02 4.858613e-01 6.466325e-01 4.300756e-01 1.826096e+00 1.472191e-01 1.167596e+00 1.706011e+00
1.752059e+00 1.186398e+00 7.550552e-01 1.449839e+00 9.338412e-01 1.725806e-01 1.675568e-01 3.768445e-01 6.985557e-01 5.014226e-01 1.127477e+00 6.473216e-01 1.621714e+00 1.946089e+00 1.829787e-01
1.571217e+00 1.822125e+00 9.453944e-01 7.918176e-01 4.683725e-01 1.280548e-01 4.439503e-01 1.509739e-01 9.727707e-01 2.503521e-01 1.903229e+00 1.086053e+00 1.025987e+00 7.267477e-01 1.270201e+00
4.145403e-01 8.675401e-01 1.726745e+00 5.787819e-01 1.885673e+00 5.424772e-01 8.350241e-02 7.728560e-01 5.751820e-01 9.488046e-01 1.119265e+00 9.732199e-02 1.044286e+00 8.192999e-02 1.105335e+00
9.997382e-01 1.000731e+00 1.746438e+00 4.124063e-01 1.144580e+00 7.328641e-01 9.353874e-01 6.275656e-02 2.088592e-01 1.075281e-01 1.900381e-01 1.846841e+00 1.375794e-01 1.452928e+00 1.966131e+00
8.190870e-01 1.008046e+00 9.640871e-01 3.505418e-01 3.379622e-01 6.486855e-01 3.036038e-01 8.192595e-01 7.407209e-01 3.069532e-01 3.517491e-01 1.731725e+00 1.349290e+00 8.750928e-01 4.120888e-01
5.905479e-01 1.639551e+00 5.943331e-01 2.821382e-01 8.835814e-01 5.220886e-01 5.075314e-01 2.536005e-01 1.292922e-01 4.186428e-01 1.271869e+00 3.229928e-02 8.247461e-01 9.111371e-01 1.846853e-02
1.673759e+00 8.611609e-01 1.817612e+00 4.079320e-01 1.358850e+00 6.346618e-01 3.526691e-01 3.023947e-01 8.044419e-01 4.304189e-01 2.179516e-01 5.355557e-01 1.146468e+00 6.254025e-01 1.565495e+00
3.810167e-01 5.865506e-01 1.434758e+00 1.119655e+00 1.948818e+00 2.528215e-01 6.173934e-01 3.073344e-01 2.985702e-01 5.345660e-01 5.464207e-01 1.616050e+00 1.903000e+00 1.959760e+00 6.842743e-01
1.023925e+00 1.912243e+00 1.424326e+00 4.736099e-01 1.135205e+00 7.204018e-01 9.442175e-02 9.500133e-01 4.195096e-01 5.702441e-01 5.685756e-01 1.210534e+00 9.647368e-01 6.020188e-01 1.292249e+00
1.567587e+00 7.696248e-01 7.794481e-01 2.938922e-01 7.508563e-01 9.703585e-01 8.490918e-01 5.401572e-01 4.511018e-01 8.583004e-02 1.798057e+00 1.520986e+00 1.111019e+00 1.067155e+00 1.100970e+00
1.409397e+00 1.052904e+00 1.783800e+00 5.836851e-01 1.803827e+00 2.763365e-01 3.893764e-01 2.079545e-01 8.685563e-01 7.426145e-01 1.067151e+00 1.647585e+00 5.013169e-01 1.233534e+00 1.654322e+00
5.157976e-01 1.356591e+00 7.230855e-01 7.093894e-01 4.326463e-01 6.258622e-01 8.931131e-01 6.621178e-01 8.205223e-01 1.499579e-01 1.932316e+00 1.671449e+00 1.842833e+00 3.130568e-01 1.413454e+00
1.967701e+00 1.680259e+00 1.548633e+00 1.145162e+00 1.698772e+00 8.157974e-01 4.410870e-01 1.336625e-01 4.926330e-01 1.761544e-01 1.000765e-01 1.349864e+00 2.804780e-01 1.617889e+00 3.429921e-02
7.278516e-01 1.145680e+00 1.521212e+00 5.150417e-01 8.230791e-01 7.995811e-01 8.298019e-01 7.616669e-01 9.814761e-01 8.963976e-01 2.509530e-01 1.410875e+00 9.704765e-01 7.827987e-01 1.589826e+00
4.593604e-01 8.459906e-01 7.661573e-01 2.466504e-01 4.166718e-01 9.588862e-01 4.611807e-01 7.131811e-01 6.414570e-01 5.905377e-01 4.799010e-01 1.167819e+00 1.915582e+00 6.964781e-01 5.090980e-01
9.036027e-01 1.490072e+00 1.197574e+00 1.411371e+00 5.170956e-01 5.547625e-01 9.508765e-01 8.049180e-01 8.961251e-01 6.504086e-01 7.016198e-01 9.296539e-01 1.249708e+00 6.932967e-01 1.286715e+00
1.703964e+00 1.063038e+00 5.878823e-01 1.363266e+00 3.530606e-01 4.008887e-01 9.832251e-01 5.188632e-01 1.108032e-01 3.771212e-01 1.011718e+00 1.433328e+00 4.846141e-01 1.136836e+00 1.444934e+00
1.330290e+00 1.907940e+00 1.460607e+00 1.559591e+00 1.626730e+00 4.630068e-01 8.802237e-01 1.734448e-01 3.367577e-01 3.741719e-01 1.225487e-01 6.410696e-01 1.559836e+00 1.129070e+00 1.153765e+00
6.368193e-01 1.264876e+00 1.929516e+00 8.823204e-01 8.144137e-01 8.870873e-01 7.015208e-01 9.621523e-01 6.912545e-01 4.659649e-01 1.908525e+00 1.439974e+00 6.920550e-01 1.571553e+00 1.099095e+00
9.743350e-01 2.037220e-01 1.159338e+00 1.854008e+00 6.603743e-01 4.918279e-01 2.514763e-01 8.065185e-01 7.576343e-01 9.718707e-01 1.414735e+00 1.595755e+00 1.320693e+00 2.575179e-01 3.868241e-01
1.680811e+00 1.237896e+00 1.152211e+00 1.009613e+00 1.710675e+00 4.151964e-01 1.744967e-01 6.852047e-01 5.319210e-01 6.183096e-02 1.600637e+00 1.277701e+00 2.533458e-01 7.652289e-01 4.079836e-01
8.574046e-01 9.770008e-01 1.635895e+00 2.531481e-01 1.386017e+00 7.374652e-01 6.929048e-01 9.151919e-01 4.457651e-01 5.309835e-02 6.579326e-01 1.019470e+00 1.476872e+00 1.810291e+00 1.498112e+00
6.807531e-01 1.648343e+00 1.422539e+00 1.069047e+00 1.318187e+00 3.392336e-01 6.674838e-01 2.212955e-01 6.104282e-01 1.245725e-01 1.001688e+00 1.826045e-01 6.322514e-01 1.653063e+00 1.016386e+00
1.939330e+00 1.397330e+00 1.855034e+00 1.516461e+00 3.433627e-01 9.094022e-01 7.593296e-01 8.101908e-01 9.051274e-01 4.817934e-01 1.580448e+00 2.947921e-01 1.175659e+00 1.600275e+00 1.607395e+00
5.560786e-01 1.921333e+00 1.163186e+00 1.529152e+00 1.532222e+00 2.259326e-01 8.093579e-01 2.324415e-01 6.490919e-01 1.953327e-01 8.617460e-01 8.339216e-01 1.506432e-01 3.847549e-01 1.863580e-01
1.669362e+00 1.793119e+00 1.859992e+00 1.406185e+00 9.107112e-01 3.525706e-01 9.745488e-01 8.270406e-01 8.838601e-01 2.947284e-01 6.432650e-01 1.158143e+00 5.808064e-01 1.111174e+00 6.364397e-01
3.689418e-01 1.604681e+00 1.229691e+00 1.466976e+00 6.998804e-01 9.925886e-02 2.681461e-01 4.467014e-01 7.238686e-01 8.376617e-01 1.915930e+00 7.879720e-01 1.554402e+00 6.176761e-01 6.032713e-01
3.192347e-01 1.082128e+00 1.622192e+00 1.396891e+00 1.073217e+00 3.811978e-01 6.185036e-01 1.439525e-01 9.000029e-01 3.111275e-01 9.796091e-02 1.079228e+00 1.688688e+00 1.766740e+00 9.150996e-01
1.303429e+00 5.188981e-01 1.673964e+00 1.690154e+00 9.018280e-01 6.532198e-02 2.250518e-01 2.856535e-01 8.552056e-02 4.465018e-01 1.639561e+00 1.196366e+00 8.133953e-01 3.200616e-01 1.803791e+00
7.689548e-01 6.694838e-01 3.036246e-01 1.964022e+00 1.271730e+00 8.918866e-01 5.892702e-01 5.448782e-01 3.934741e-01 2.273481e-01 1.771827e+00 9.364295e-01 1.457261e+00 1.154181e+00 1.762425e+00
7.664189e-01 1.426345e+00 4.496458e-01 1.550893e+00 2.245790e-01 6.080976e-01 6.210158e-01 7.092407e-02 1.483495e-01 9.745852e-01 1.258507e+00 3.960082e-01 1.853850e+00 4.383284e-01 4.406283e-01
7.597268e-01 1.855043e+00 9.878648e-01 8.589338e-01 1.902640e+00 1.906949e-01 5.504695e-01 2.461783e-01 7.912852e-01 6.845806e-01 2.887968e-02 1.008826e+00 4.667169e-01 2.200092e-01 5.224151e-01
1.318268e+00 1.026600e+00 1.021591e+00 5.431891e-01 6.827088e-01 2.617626e-01 1.265498e-01 9.552293e-01 6.347096e-01 2.347402e-01 1.097461e+00 1.170718e+00 9.256233e-01 8.118909e-01 1.236877e+00
1.077186e+00 3.661684e-01 3.173469e-01 1.224620e+00 1.439806e+00 4.318224e-01 6.236634e-01 3.733057e-01 9.837403e-02 5.331566e-01 4.397909e-01 1.464706e+00 2.320029e-01 1.788740e+00 8.993699e-01
1.087548e+00 6.747041e-01 1.784401e+00 3.542027e-01 7.574657e-01 8.072436e-01 6.855118e-01 2.271673e-01 5.872923e-01 2.128667e-01 1.946137e+00 1.689073e+00 1.138499e+00 1.747974e+00 1.788365e+00
3.742648e-01 1.715161e+00 9.693684e-01 5.503821e-01 2.829094e-01 2.852334e-01 7.688546e-01 8.143758e-01 9.239409e-01 1.806201e-01 5.538466e-01 1.081183e+00 1.803433e+00 2.790343e-02 6.761229e-01
9.311773e-01 1.130905e+00 1.283639e+00 6.730772e-01 5.988337e-01 4.385816e-01 7.495905e-01 1.746231e-01 9.838747e-01 4.283849e-01 9.299661e-01 8.722018e-01 9.049256e-01 1.060695e+00 7.595783e-01
1.715543e+00 1.064482e+00 1.076027e+00 8.441993e-01 1.509299e+00 6.695361e-01 4.453109e-01 9.754765e-01 4.585921e-01 8.404538e-01 1.366184e+00 4.588093e-01 8.430969e-01 1.640423e+00 9.843289e-01
1.839619e+00 1.012114e+00 1.202543e+00 1.810862e+00 9.535237e-01 7.475806e-01 9.223911e-01 9.472555e-01 9.549639e-02 8.750239e-01 1.473206e+00 1.280794e+00 1.854069e-01 1.046898e-01 1.732716e+00
5.084406e-01 6.863960e-01 1.735462e+00 6.548298e-01 3.004641e-01 7.409994e-02 6.949150e-01 1.073828e-01 9.763232e-01 6.779640e-01 8.275869e-01 2.112462e-01 5.471579e-01 8.316053e-01 6.653803e-01
3.546573e-01 1.120506e+00 1.865466e+00 8.513975e-01 1.016676e+00 9.101489e-01 6.059978e-01 6.928072e-01 7.958182e-01 5.389772e-01 5.169120e-01 1.862051e+00 1.774266e+00 4.812841e-01 9.033161e-01
9.238977e-01 1.177910e+00 7.459494e-01 1.181377e+00 1.004586e+00 8.905885e-02 2.952695e-01 6.656982e-02 8.720513e-01 8.793389e-01 1.562542e+00 9.442638e-01 4.893666e-01 5.366187e-01 1.112115e+00
1.212117e+00 7.167822e-01 1.292424e+00 2.322143e-01 3.920982e-01 6.992617e-01 2.492419e-01 8.733804e-01 8.166092e-01 6.767904e-01 1.477230e+00 2.263682e-01 6.046666e-01 1.293020e+00 1.931349e-01
6.258432e-01 4.271077e-01 5.318994e-01 9.453112e-01 1.162833e+00 2.166496e-01 7.509046e-01 9.442762e-02 1.608903e-01 1.911065e-01 1.753393e+00 3.136661e-01 3.006701e-01 4.121324e-01 1.535491e+00
3.394146e-01 1.042233e+00 3.922292e-01 8.337118e-01 1.169022e+00 7.803573e-01 4.857812e-01 1.690107e-01 8.814285e-01 7.858473e-01 1.547098e-01 1.588203e-01 1.483426e+00 6.472650e-01 3.955748e-01
1.188794e+00 5.594302e-01 1.799376e+00 1.278276e+00 1.522713e+00 1.122008e-01 6.696098e-01 8.849935e-01 7.542201e-01 6.287872e-01 7.319355e-01 5.938101e-01 1.207950e+00 9.162951e-02 9.357494e-01
1.108237e+00 6.474164e-01 1.952789e+00 1.576983e+00 1.826213e+00 2.306823e-01 8.879134e-01 9.884738e-01 1.035687e-01 2.775057e-01 1.370018e+00 1.050220e+00 1.861378e+00 2.664586e-01 8.177436e-01
1.522526e+00 1.541089e+00 1.881830e+00 1.086438e+00 4.790662e-01 4.050393e-01 3.926086e-01 2.725628e-01 6.908566e-01 7.086117e-01 1.629189e+00 5.745020e-02 1.240842e+00 1.823263e+00 1.086074e-01
5.387236e-01 1.533209e+00 1.876644e+00 1.784674e+00 1.444900e+00 3.799813e-01 9.938988e-01 4.620109e-01 4.408038e-01 6.987092e-02 1.138409e+00 7.215884e-01 1.510733e+00 3.964790e-01 2.767366e-01
1.905440e+00 1.430224e+00 1.303496e+00 1.673599e+00 7.307213e-01 2.688634e-01 5.803652e-01 4.515111e-01 3.539132e-01 3.678135e-01 7.470322e-01 6.213623e-01 1.762539e+00 9.477977e-01 1.070467e+00
6.157569e-01 4.836181e-01 1.372116e+00 1.520612e+00 1.456573e+00 8.484721e-01 8.936953e-01 2.025202e-01 6.648741e-02 1.409360e-01 1.815196e+00 1.564064e+00 1.154028e+00 7.881171e-01 1.475824e+00
1.898737e+00 1.613631e+00 4.472068e-01 5.563399e-01 4.605458e-01 9.679632e-01 1.457620e-01 5.093016e-01 3.888376e-01 6.242204e-01 1.279649e+00 1.692926e+00 9.844350e-01 1.662464e+00 1.451596e+00
1.181811e+00 1.479334e+00 4.833248e-01 6.304643e-01 7.437839e-01 6.008768e-01 1.423766e-01 2.403441e-01 6.763708e-01 5.438178e-01 1.923062e+00 1.106057e+00 1.999471e+00 1.389244e+00 5.883628e-01
7.076967e-01 5.975191e-01 7.718486e-01 7.889147e-01 1.321936e+00 6.294740e-02 2.372468e-01 4.260399e-01 9.281837e-01 4.364956e-01 1.876629e-01 1.335885e-01 7.795066e-01 1.524876e+00 1.736691e+00
5.840160e-01 1.101969e+00 1.105039e+00 1.287827e+00 1.598527e+00 9.720007e-01 5.714450e-01 7.244982e-01 8.764667e-01 3.701885e-01 1.823713e+00 9.836055e-01 1.326133e+00 1.717423e+00 5.585547e-01
1.931102e+00 5.118393e-01 1.347761e+00 1.832550e+00 6.424639e-01 6.759903e-01 5.453407e-01 8.675220e-01 2.865017e-01 4.879336e-01 7.278057e-01 1.809677e+00 1.989820e-01 1.857204e+00 1.504501e+00
1.150483e+00 1.695443e+00 9.492740e-01 1.087674e+00 3.243198e-01 6.943916e-01 9.488324e-01 1.059879e-01 7.058954e-01 4.079661e-01 7.596748e-01 2.199162e-01 5.649903e-01 1.504640e+00 8.015830e-01
8.990811e-01 4.000794e-01 1.072542e+00 1.683047e+00 3.687496e-01 4.516477e-01 1.442838e-01 3.183855e-01 7.753566e-01 8.410263e-01 1.794141e+00 1.237498e+00 1.256740e+00 1.257252e+00 1.702147e+00
1.889229e+00 1.308584e+00 2.698172e-01 7.497974e-01 2.369317e-01 8.233685e-01 8.831555e-01 1.971259e-01 5.613919e-02 3.410576e-01 9.459184e-01 6.745176e-01 1.882418e+00 7.979993e-01 1.382155e+00
1.078565e+00 1.526374e+00 2.779970e-01 5.274346e-01 1.763434e+00 4.405318e-01 2.410550e-01 6.362526e-01 8.938277e-01 1.754799e-01 5.955462e-01 5.790817e-01 5.762238e-01 1.328727e+00 1.932129e+00
1.428658e+00 2.755148e-01 1.612465e+00 6.631866e-01 9.893038e-01 9.832701e-01 9.020870e-01 7.341827e-01 6.632715e-01 7.829276e-01 1.024416e+00 1.883974e+00 1.337022e+00 1.735775e+00 1.863082e+00
1.575966e+00 1.667079e+00 1.249587e+00 1.421741e+00 1.203857e+00 7.301623e-01 6.816402e-01 3.401397e-01 3.771054e-01 3.474975e-01 1.744622e+00 5.206417e-01 1.538145e+00 9.385739e-01 2.391368e-01
3.302766e-01 8.712294e-01 1.687473e+00 2.743310e-01 1.526955e+00 7.747378e-01 6.121018e-01 2.176487e-01 1.662061e-01 5.264441e-01 1.042762e+00 1.852519e+00 1.590437e+00 4.789485e-01 4.828693e-01
1.281018e+00 7.089582e-01 8.564846e-01 9.413239e-01 1.231831e+00 6.801434e-01 8.070477e-01 2.997508e-01 4.172215e-01 1.428314e-01 6.318346e-01 1.252772e+00 7.094995e-01 4.269024e-01 1.021975e+00
8.487319e-01 1.857588e+00 1.652922e+00 6.540216e-01 8.044501e-01 2.387619e-01 5.157116e-01 4.070068e-01 9.795410e-01 6.105499e-01 5.376715e-02 1.339026e+00 8.624820e-01 8.984426e-01 1.679174e-01
1.511064e+00 1.781103e+00 6.505948e-01 8.214142e-01 1.648792e+00 1.575630e-01 4.970967e-01 4.009938e-01 5.011865e-01 7.015524e-01 9.236952e-01 1.516685e+00 6.150683e-01 5.739058e-01 1.249531e+00
1.874372e+00 1.683872e+00 1.794373e+00 1.755891e+00 3.097890e-01 1.531311e-01 6.825193e-01 4.411403e-01 1.063061e-01 6.666877e-02 1.244401e+00 4.064319e-01 1.011103e+00 1.041532e+00 1.360488e-01
1.363924e+00 7.072828e-01 3.008350e-01 1.126530e+00 7.192805e-01 8.710515e-01 8.889577e-02 3.887686e-01 4.726957e-01 1.987450e-01 6.897851e-01 1.286048e+00 9.395674e-01 1.403302e+00 1.827136e+00
4.266585e-01 7.034709e-01 1.634476e+00 2.054381e-01 1.967786e+00 3.843168e-01 2.346724e-01 5.488497e-01 1.543596e-01 1.893024e-01 1.973497e+00 4.934237e-01 1.659189e+00 1.076244e+00 1.118523e+00
4.500312e-01 1.980573e+00 3.965901e-01 1.834828e+00 1.200555e+00 4.741545e-01 1.074122e-01 7.187955e-02 7.327218e-01 2.458585e-01 1.982597e+00 5.627454e-01 1.779695e+00 2.481066e-01 3.174608e-01
6.540763e-01 7.516799e-01 1.538915e+00 4.271177e-01 2.132888e-01 2.957697e-01 9.388309e-01 3.661591e-01 8.565220e-01 6.989684e-01 1.491926e+00 1.594007e+00 1.412548e+00 4.059967e-01 1.780138e+00
1.162377e+00 3.709745e-01 8.271959e-01 1.899178e+00 1.228142e+00 5.775219e-01 7.921307e-01 4.194634e-01 7.943209e-01 3.709456e-01 1.448371e+00 1.160322e+00 5.335632e-01 2.378981e-01 3.365396e-01
1.558648e+00 1.570889e+00 1.843791e+00 4.630607e-01 6.877027e-01 5.396174e-02 9.331036e-01 3.866480e-01 2.459734e-01 6.545440e-01 5.223254e-01 1.384753e+00 1.496040e+00 1.062136e-01 1.646939e+00
1.171708e+00 3.412526e-01 1.939621e+00 8.055796e-01 1.515434e+00 6.110500e-01 4.310825e-01 5.427688e-01 2.010928e-01 7.766261e-01 4.656544e-01 9.529282e-01 1.286746e+00 1.070914e+00 1.032606e+00
9.136542e-01 9.168715e-01 1.337617e+00 1.547247e+00 8.358962e-01 5.101301e-01 7.714837e-01 4.295392e-01 1.195795e-01 7.406489e-01 1.829749e+00 7.492887e-04 1.418058e+00 9.853825e-03 1.432120e+00
1.732260e+00 1.469161e+00 6.065808e-01 1.227898e+00 1.090887e+00 3.942668e-01 3.761701e-01 5.061796e-01 4.476391e-01 2.644134e-01 4.001196e-02 3.397242e-01 8.745849e-01 1.753788e-01 3.034920e-01
1.725669e+00 1.072749e+00 7.142788e-01 1.038398e+00 8.861942e-01 1.470294e-01 7.800835e-01 3.424786e-01 2.942194e-01 6.443944e-01 1.484895e+00 6.848700e-01 1.971583e+00 1.742626e+00 4.631131e-01
1.743961e+00 6.353869e-01 9.965441e-01 1.570942e+00 3.128023e-01 4.282788e-01 4.952643e-01 2.615249e-01 3.676031e-01 6.335854e-02 1.614834e+00 1.448477e+00 4.604441e-01 1.807842e+00 8.333955e-01
1.862858e+00 1.700197e+00 1.338997e+00 1.464220e+00 3.173505e-01 4.429754e-01 1.928930e-01 5.283414e-01 9.884955e-01 5.197794e-01 6.080518e-01 4.403315e-01 1.896406e+00 1.698941e+00 1.890925e+00
4.738520e-01 1.463938e+00 8.980906e-01 4.204358e-01 9.235057e-01 3.574314e-01 6.564222e-01 7.368461e-01 3.709133e-01 6.086355e-01 3.623262e-01 1.793995e+00 1.215455e+00 9.861273e-01 4.396355e-01
7.149469e-01 8.289332e-01 2.334449e-01 1.479720e+00 4.065445e-01 6.455777e-01 9.247951e-01 4.844471e-01 6.148479e-01 4.343709e-01 1.725699e+00 1.838973e+00 2.484632e-01 9.998307e-02 1.332987e+00
1.824517e+00 4.900933e-01 1.989991e+00 1.487202e+00 5.013192e-01 7.949212e-02 9.887297e-02 2.807437e-01 2.289540e-01 8.500935e-01 1.444192e+00 8.205061e-02 1.303056e-01 5.099382e-01 1.401386e+00
1.699455e+00 6.093010e-01 9.128197e-01 9.633550e-01 6.368249e-01 5.970869e-01 3.210755e-01 9.591572e-01 5.557060e-01 3.438976e-01 1.740088e-01 1.373217e+00 1.117723e+00 1.202505e+00 5.545089e-01
4.914199e-01 1.603516e+00 1.357157e+00 1.986291e+00 1.006635e+00 6.802067e-02 9.994397e-01 1.404121e-01 2.241216e-01 6.035186e-01 8.902687e-01 1.856247e+00 4.973549e-01 5.580603e-01 5.431872e-01
1.811713e+00 1.880507e+00 1.100756e+00 3.032878e-01 1.283732e+00 3.434788e-01 8.117878e-01 3.118148e-01 7.841343e-01 5.177410e-01 1.648635e+00 3.329828e-01 1.573885e+00 1.751861e+00 1.714775e+00
1.420398e+00 1.803922e+00 3.887880e-01 1.917590e+00 6.717042e-01 1.493790e-01 3.271222e-01 8.630610e-01 1.328821e-01 3.375182e-01 5.250471e-03 1.147870e-01 9.464694e-01 7.614990e-01 2.024014e-01
1.528785e+00 1.753183e+00 1.575291e+00 1.475186e+00 1.670709e+00 3.680767e-01 4.331022e-01 6.435386e-01 3.502364e-01 1.848001e-01 1.347537e+00 5.080215e-01 1.312148e+00 1.332835e+00 1.843507e+00
1.543742e+00 6.234608e-01 6.153342e-01 9.653745e-01 7.137745e-01 4.652878e-01 5.555331e-01 4.037809e-01 1.156011e-01 1.996865e-01 7.817502e-01 8.841684e-02 4.033197e-01 1.107851e-02 6.422081e-01
1.697764e+00 1.655107e+00 1.238800e+00 9.940786e-01 5.049342e-01 9.524767e-01 6.540598e-01 9.968064e-01 2.265112e-01 5.123512e-01 1.556783e+00 3.562077e-02 1.634127e+00 8.876502e-01 1.215384e-01
1.604985e+00 1.501466e+00 1.761264e+00 1.980448e+00 7.838300e-01 7.234912e-01 1.006703e-01 8.916665e-01 3.816031e-01 4.112476e-01 1.103638e+00 1.118509e+00 7.122089e-02 1.972472e+00 8.535101e-01
1.782198e+00 1.730309e+00 1.534460e+00 1.539752e+00 5.100687e-01 2.243565e-01 4.470358e-01 8.025614e-01 1.586018e-01 3.063054e-01 7.912811e-01 1.582092e+00 8.298113e-01 1.491566e+00 2.162538e-01
6.118847e-01 4.508097e-01 1.763539e+00 3.064776e-01 4.765062e-01 3.604305e-01 8.647317e-01 7.044255e-01 4.370721e-01 8.671849e-01 1.225522e+00 6.535138e-01 2.773499e-01 2.404601e-01 1.137532e+00
2.155019e-01 1.594825e+00 8.002395e-01 1.670540e+00 9.409204e-01 3.631877e-01 7.117913e-01 9.218328e-01 5.963773e-01 3.647820e-01 5.601676e-01 1.727389e+00 1.568696e+00 2.779262e-01 4.026432e-01
1.723612e+00 8.915932e-01 8.091879e-01 2.185070e-01 1.798406e+00 2.678184e-01 4.928695e-01 9.390912e-01 3.657431e-01 7.309682e-01 1.778900e+00 2.742367e-01 3.274919e-01 4.497616e-01 1.132640e+00
1.855164e+00 1.941083e+00 9.958886e-01 1.862830e+00 1.674850e+00 6.973722e-01 9.767966e-01 9.670676e-01 8.326965e-01 4.963865e-01 4.536596e-01 2.647214e-01 7.365905e-01 1.579209e+00 9.510055e-01
4.799787e-01 2.624167e-01 8.197045e-01 2.875325e-01 1.446575e+00 9.647613e-01 2.432599e-01 2.585380e-01 6.583539e-01 9.063190e-01 1.926340e+00 3.273682e-01 5.228260e-01 1.535648e+00 1.144388e+00
1.097738e+00 8.059072e-01 8.611023e-01 1.768255e+00 1.576358e+00 3.153447e-01 4.714288e-01 9.791605e-01 3.467957e-01 1.285916e-01 1.266776e+00 1.004166e+00 1.823131e+00 1.511476e+00 1.718015e+00
1.005941e+00 1.561352e+00 5.961489e-01 1.318097e+00 2.705303e-01 7.979091e-01 3.641131e-01 1.624441e-01 8.427312e-01 4.901547e-01 1.188329e+00 7.471918e-01 4.948240e-01 1.657331e+00 1.727221e+00
1.948310e+00 2.511106e-01 2.545927e-01 1.647221e+00 7.369128e-01 9.488426e-01 7.417225e-01 7.664066e-01 2.499754e-01 7.336435e-01 1.050307e+00 1.579628e+00 9.743684e-02 7.231137e-01 7.878537e-02
1.166560e+00 1.300227e+00 1.619861e+00 5.964797e-01 1.379899e+00 3.275626e-01 4.824420e-01 7.899555e-01 5.076570e-01 1.050676e-01 1.524094e+00 1.526143e+00 8.942274e-01 1.747580e-02 7.713919e-01
6.319935e-01 8.494456e-01 1.480641e+00 2.000479e-01 4.271235e-01 5.287842e-01 9.695802e-01 4.365834e-01 3.869549e-01 1.147081e-01 9.877503e-01 1.055445e+00 2.899506e-01 1.088375e+00 1.353281e+00
1.822141e+00 1.037774e+00 1.772436e+00 7.059651e-01 1.053837e+00 4.353806e-01 4.133957e-01 8.806631e-01 4.879360e-01 8.301507e-01 6.272056e-01 5.744489e-01 3.789550e-01 1.300151e+00 8.118823e-01
1.659335e+00 9.402290e-01 1.642329e+00 1.503149e+00 5.146748e-01 8.907032e-01 1.245028e-01 1.115794e-01 2.163747e-01 1.269119e-01 3.150240e-01 1.892287e+00 1.051639e+00 1.732806e+00 1.012101e+00
6.706078e-01 3.469752e-01 9.375560e-01 1.812909e+00 1.878337e+00 2.987668e-01 6.701998e-02 5.476362e-01 5.108317e-01 3.013296e-01 1.609442e+00 1.623417e-01 1.356948e+00 5.634036e-01 1.741789e+00
1.173673e+00 4.141339e-01 1.566033e+00 5.218163e-01 1.997932e+00 5.819514e-01 3.053188e-01 4.237778e-01 3.469504e-01 4.108986e-01 1.300517e+00 1.678123e+00 1.969397e+00 1.369631e+00 6.276713e-01
3.490265e-01 5.048202e-01 1.978679e+00 7.688040e-01 1.870839e+00 1.393239e-01 7.956132e-01 6.035040e-01 9.453041e-01 3.150515e-01 8.905135e-02 1.610028e+00 1.401244e-01 6.062285e-01 9.435787e-01
1.561360e+00 1.281512e+00 1.691749e+00 1.792157e+00 1.780060e+00 5.505151e-01 5.950093e-01 3.495688e-01 2.626039e-01 8.589248e-01 1.618599e+00 2.036654e-01 1.182271e+00 5.002520e-01 8.363848e-01
3.880961e-01 1.230500e+00 1.033840e+00 1.400646e+00 9.952759e-01 8.296517e-01 2.005833e-01 4.114855e-01 3.968155e-01 3.337694e-01 1.423492e+00 2.845806e-01 9.445854e-01 1.227708e-01 5.022243e-01
1.936510e+00 8.849570e-01 6.798373e-01 1.055680e+00 1.768681e+00 1.035058e-01 8.335332e-01 2.378701e-01 5.013517e-01 6.298307e-01 1.456981e+00 1.074625e+00 1.665199e+00 2.627172e-01 1.262911e+00
3.169015e-01 9.933036e-01 1.044143e+00 1.512307e+00 1.577987e+00 5.377879e-01 8.232151e-01 1.307553e-01 8.257475e-01 9.352037e-01 1.122390e+00 1.943894e+00 1.858156e+00 1.778159e+00 7.316609e-01
1.893655e+00 1.345489e+00 8.691861e-01 1.214855e+00 1.660409e+00 1.181288e-01 2.698199e-01 5.782730e-01 4.152158e-01 7.651112e-01 1.836510e-01 9.706967e-01 7.974354e-01 1.895703e+00 1.266226e+00
1.803132e+00 1.497753e+00 1.752383e+00 8.257521e-01 4.402691e-01 2.493636e-01 5.659918e-01 5.846503e-01 9.246199e-02 6.183426e-01 1.854021e+00 2.209354e-01 8.871554e-01 1.666497e+00 7.048735e-01
7.224987e-01 7.474595e-01 1.948244e+00 1.743896e+00 3.610735e-01 1.225750e-01 6.980573e-01 9.033885e-01 1.239209e-01 6.205199e-01 1.660660e+00 3.094395e-01 1.078733e+00 5.546670e-01 1.283144e+00
1.353963e+00 1.132508e+00 1.352169e+00 3.791634e-01 8.708785e-01 8.646409e-01 8.408655e-01 8.558536e-01 2.340363e-01 3.958179e-01 1.594907e-01 8.792331e-01 1.959036e+00 8.043588e-01 1.808950e+00
1.832632e+00 1.286606e+00 2.652272e-01 1.283222e+00 9.163614e-01 4.663749e-01 3.708110e-01 6.328574e-01 5.992666e-01 9.595554e-01 1.322364e+00 6.306837e-01 6.583301e-01 4.534274e-01 4.708538e-01
7.320559e-01 9.020101e-01 1.255286e+00 1.114210e+00 1.546311e+00 3.172810e-01 4.878022e-01 7.566539e-01 8.026529e-01 2.417609e-01 1.980953e-01 1.762278e+00 7.554063e-01 1.840073e-01 1.992778e+00
5.503230e-01 9.230884e-01 1.958558e+00 1.840641e+00 3.776611e-01 1.516328e-01 1.517712e-01 7.490163e-01 3.252504e-01 9.666817e-01 2.484905e-01 5.865407e-01 1.504182e+00 9.268750e-01 1.880963e+00
1.886203e+00 1.342394e+00 3.661746e-01 9.060211e-01 2.419800e-01 4.503897e-01 4.066621e-01 3.545463e-01 1.715109e-01 9.810629e-02 6.027563e-01 1.326714e+00 2.441691e-01 9.945925e-01 7.826734e-01
4.214042e-01 1.904864e+00 1.001726e+00 3.868544e-01 7.471666e-01 5.611012e-01 4.792411e-01 6.096982e-01 4.109872e-01 9.379107e-01 1.551462e+00 1.533825e+00 1.792498e+00 5.902819e-01 1.692577e+00
1.296343e+00 4.064361e-01 1.936487e+00 1.111706e+00 2.876861e-01 9.990706e-01 8.378481e-01 3.803865e-01 1.462536e-01 7.233644e-01 2.678841e-01 8.103618e-01 1.944171e+00 7.907371e-01 2.261395e-01
7.976886e-01 1.114383e+00 1.627277e+00 1.332546e+00 1.614539e+00 5.365865e-01 3.697689e-01 2.978197e-01 7.111659e-02 5.833001e-01 9.771771e-01 1.064873e+00 6.459817e-01 1.980324e+00 1.361012e+00
1.738698e+00 1.176416e+00 1.039656e+00 6.118827e-01 1.679083e+00 4.858592e-01 5.234207e-01 9.409923e-01 9.670788e-01 8.270435e-01 8.221592e-01 1.671867e-01 1.252208e+00 1.680860e+00 1.799620e+00
1.771230e+00 4.364812e-01 7.850210e-01 4.379569e-01 1.665078e+00 3.773811e-01 5.693049e-01 6.129355e-01 4.662707e-01 9.309265e-01 1.878057e+00 1.877154e+00 4.747019e-02 1.879090e+00 1.644265e+00
7.841991e-01 1.483335e+00 1.828302e+00 1.168649e+00 1.609063e+00 4.193998e-01 6.523587e-01 1.849544e-01 4.540617e-01 9.313580e-01 6.995174e-01 1.408294e+00 2.269011e-01 7.743097e-01 1.612019e+00
2.529913e-01 1.203910e+00 1.214355e+00 1.173016e+00 7.641953e-01 9.526482e-01 7.903482e-01 7.790732e-02 2.433206e-01 4.776971e-01 8.858134e-01 8.397495e-01 3.435842e-01 1.933432e+00 1.275691e+00
2.550967e-01 1.311819e+00 1.496975e+00 4.929539e-01 9.587230e-01 9.571884e-01 4.262016e-01 5.935368e-01 9.967245e-01 9.174779e-01 1.535445e+00 1.812422e+00 1.598496e-01 2.880310e-01 1.911584e+00
1.915826e+00 1.840866e+00 1.702758e+00 8.949998e-01 1.912800e+00 1.071053e-01 2.747539e-01 2.154067e-01 3.049247e-01 9.278195e-01 8.171278e-01 2.686179e-01 3.073771e-02 1.588806e+00 7.376782e-01
1.959307e+00 1.557329e+00 1.293886e+00 1.911470e+00 8.770682e-01 9.769123e-01 7.126670e-01 4.319730e-01 4.733842e-01 7.070130e-01 1.062238e+00 5.333181e-01 1.392417e+00 1.623497e+00 3.744701e-02
1.961129e+00 1.954040e+00 5.120838e-01 3.822491e-01 5.608394e-01 1.251680e-01 7.153593e-02 7.326499e-01 4.033684e-01 9.451454e-01 5.036202e-01 1.709513e+00 1.948072e+00 1.019723e+00 1.633224e-01
9.573004e-01 1.674464e+00 1.345098e+00 9.837859e-01 1.945233e+00 1.754340e-01 6.233927e-02 2.957784e-01 7.556657e-02 4.491254e-01 1.872005e+00 1.364012e+00 1.865314e+00 1.274496e+00 1.145775e+00
1.400240e+00 9.448373e-01 6.241887e-01 8.366628e-01 6.973727e-01 5.112592e-01 4.729195e-01 5.570258e-01 7.427150e-01 7.702456e-01 1.252516e+00 1.342690e+00 3.391956e-01 1.465917e+00 1.823116e+00
4.615981e-01 1.375233e+00 9.711098e-01 1.327232e+00 1.390880e+00 1.613185e-01 2.577613e-01 5.346691e-01 5.835323e-01 1.718147e-01 3.270881e-01 6.081528e-01 1.705616e-01 1.473448e+00 5.633192e-01
1.678174e+00 1.589305e+00 1.724798e+00 4.803755e-01 9.508942e-01 9.945475e-01 6.905608e-01 1.303981e-01 9.714354e-01 4.021229e-01 1.705280e+00 9.338074e-01 1.070633e+00 1.498931e+00 1.318047e+00
8.946116e-01 1.608518e+00 3.088851e-01 6.851194e-01 7.852066e-01 9.360869e-01 8.599014e-01 3.964009e-01 6.697730e-01 3.527486e-01 2.424581e-01 1.144870e+00 6.755781e-01 1.793659e+00 9.917123e-01
9.404479e-01 8.374714e-01 4.905057e-01 1.156274e+00 7.945416e-01 1.318031e-01 7.970949e-01 5.605884e-01 1.774580e-01 7.052562e-01 1.419633e+00 1.658079e+00 1.596039e+00 7.591583e-01 1.459743e+00
4.097146e-01 1.870244e+00 8.849557e-01 5.356757e-01 1.796287e+00 8.263603e-01 7.453955e-01 6.315327e-01 8.345790e-01 7.287724e-01 1.812359e+00 6.552722e-01 1.914492e+00 4.856064e-02 6.554939e-01
4.413805e-01 3.717147e-01 5.582870e-01 1.954785e+00 3.849601e-01 5.818814e-02 9.584089e-01 3.657146e-01 8.538422e-01 4.387016e-01 6.385722e-01 1.759482e-01 1.065072e-01 1.249115e+00 1.923784e+00
1.578946e+00 1.248077e+00 1.605127e+00 6.404463e-01 1.865024e+00 1.066778e-01 1.775638e-01 7.458216e-01 1.940985e-01 2.387849e-01 1.506646e+00 2.756019e-01 7.619890e-01 1.863429e+00 1.205639e-02
6.449912e-01 1.945673e+00 1.011419e+00 3.244024e-01 1.225900e+00 4.993691e-01 1.565323e-01 3.573192e-01 1.873118e-01 7.525572e-01 2.100182e-01 1.179383e+00 3.625299e-01 9.574473e-01 3.644314e-01
2.127605e-01 1.769241e+00 4.318706e-01 1.757024e+00 1.491711e+00 9.403233e-01 4.571116e-01 9.241698e-01 5.211488e-01 4.526527e-01 1.647287e-01 1.629586e+00 1.714209e+00 9.817047e-01 1.925720e+00
3.932001e-01 1.641029e+00 4.126331e-01 1.903899e+00 1.693373e+00 8.615324e-01 6.130393e-01 5.215802e-01 9.518067e-01 8.648873e-01 2.735362e-01 7.663327e-01 1.674737e+00 1.309350e+00 6.945879e-01
5.440066e-01 1.034612e+00 1.053783e+00 4.758722e-01 1.896412e+00 7.506868e-01 2.856352e-01 3.534687e-01 1.514593e-01 5.846753e-01 4.156784e-01 1.885629e+00 8.669116e-01 1.690309e+00 1.845454e+00
1.112285e+00 6.155579e-01 1.830011e+00 1.542112e+00 9.127560e-01 8.078745e-01 8.528150e-01 5.842759e-01 6.782629e-01 7.382697e-01 1.148313e-01 1.069484e+00 6.149930e-02 4.424199e-01 1.407108e+00
1.583438e+00 1.352529e+00 5.007680e-01 1.453724e+00 2.747938e-01 9.020010e-01 1.646350e-01 6.705110e-01 1.749537e-01 8.612893e-01 1.534319e+00 1.472829e+00 3.858897e-01 1.870816e+00 1.540562e+00
1.515255e+00 3.765657e-01 1.908654e+00 1.523793e+00 7.765111e-01 6.219921e-01 4.771206e-01 6.587999e-01 1.686281e-01 2.427699e-01 1.585838e+00 3.595963e-01 1.651123e+00 1.170452e+00 2.346127e-01
1.665433e+00 1.725761e+00 3.130815e-01 1.494812e+00 1.297985e+00 8.773805e-01 5.977491e-01 4.797795e-01 6.300767e-01 5.742573e-01 1.763230e+00 2.578702e-01 5.081940e-01 6.663736e-01 9.215353e-01
5.282569e-01 7.848753e-01 1.966341e+00 1.998994e+00 5.550261e-01 8.438828e-01 7.999666e-01 6.029186e-01 9.141752e-01 5.449666e-01 1.213876e+00 9.318768e-02 7.820091e-01 1.677247e+00 1.207814e+00
9.641194e-01 1.884063e+00 3.667979e-01 1.060120e+00 1.267814e+00 3.871884e-01 8.142663e-01 7.011583e-01 8.712094e-01 4.395066e-01 7.618331e-01 8.583034e-01 1.494158e+00 1.193606e-01 3.597158e-01
9.842834e-01 5.077421e-01 6.372747e-01 1.195184e+00 1.856335e+00 3.465117e-01 9.136976e-01 8.792565e-02 5.181889e-01 5.783901e-01 7.120557e-01 1.197534e-01 8.471258e-01 1.288197e+00 8.476431e-01
1.308026e+00 3.541098e-01 1.474908e+00 1.945664e+00 1.328491e+00 9.358662e-01 8.700919e-01 6.669796e-02 6.229785e-01 7.656170e-02 1.914647e+00 1.962071e+00 1.629522e+00 1.885762e+00 5.700851e-01
1.125972e+00 1.989431e+00 8.421853e-01 1.437637e+00 4.654978e-01 6.299170e-01 2.172184e-01 5.606441e-01 9.744573e-01 9.540663e-01 6.231226e-01 1.422688e+00 1.398188e+00 1.639941e+00 1.393944e+00
1.044673e+00 9.675314e-01 4.277823e-01 1.432092e+00 1.861164e+00 5.404588e-01 1.528745e-01 7.961963e-01 7.447300e-01 5.471005e-01 3.911664e-02 6.771369e-01 1.633425e-01 1.430766e+00 3.401520e-01
6.628862e-01 8.244455e-01 8.638941e-01 1.800861e+00 1.657523e+00 5.656059e-01 2.523363e-01 2.689579e-01 3.286979e-01 4.588538e-01 1.364777e+00 1.571876e+00 1.166779e+00 3.332375e-01 1.171631e+00
1.348159e+00 1.149551e+00 5.248206e-01 9.906648e-01 9.283786e-01 5.527382e-01 9.898035e-01 8.083188e-01 6.664316e-01 8.244492e-01 1.703907e+00 1.233852e-01 7.741691e-01 1.627910e+00 7.411051e-01
