# Reduced coefficients A_alpha.T  shape (150 x 2)  -- rows are alpha^(i) = Psi^T y^(i)
-2.906023e+00 -7.193751e-02
-2.494498e+00 7.069900e-02
-2.264753e+00 4.684222e-02
-2.166020e+00 3.600300e-02
-2.021789e+00 2.016485e-02
-2.645057e+00 5.440135e-02
-2.995510e+00 -1.458356e-01
-2.225408e+00 4.250079e-02
-2.330525e+00 5.406753e-02
-2.165888e+00 3.598847e-02
-2.844034e+00 -2.713980e-02
-2.703575e+00 4.299993e-02
-2.847164e+00 -2.963919e-02
-2.422345e+00 6.410971e-02
-2.849553e+00 -3.490430e-02
-2.745235e+00 2.710166e-02
-2.520099e+00 7.259483e-02
-2.373316e+00 5.840577e-02
-2.613083e+00 6.579766e-02
-2.247754e+00 4.497841e-02
-2.939393e+00 -9.837008e-02
-2.026843e+00 2.071980e-02
-2.822881e+00 -1.416168e-02
-2.968042e+00 -1.223531e-01
-2.018236e+00 1.977469e-02
-2.599126e+00 6.917433e-02
-2.517895e+00 7.267570e-02
-2.744782e+00 2.475470e-02
-2.640005e+00 6.218757e-02
-2.458053e+00 6.776217e-02
-2.365888e+00 5.795071e-02
-2.731283e+00 3.038106e-02
-2.217271e+00 4.163086e-02
-2.184307e+00 3.801120e-02
-2.976957e+00 -1.320770e-01
-2.414798e+00 6.331856e-02
-2.690330e+00 4.740955e-02
-2.277586e+00 4.825369e-02
-2.796621e+00 1.000009e-03
-2.888765e+00 -5.883037e-02
-2.728074e+00 3.423197e-02
-2.691571e+00 4.841754e-02
-2.827461e+00 -1.737143e-02
-2.944345e+00 -1.025179e-01
-2.568553e+00 7.157360e-02
-2.360423e+00 5.731312e-02
-2.773388e+00 1.375137e-02
-2.774692e+00 1.348114e-02
-2.532542e+00 7.249039e-02
-2.913508e+00 -7.853587e-02
-2.786848e+00 6.732878e-03
-2.968819e+00 -1.238285e-01
-2.487906e+00 7.087832e-02
-2.438720e+00 6.549157e-02
-2.187837e+00 3.839727e-02
-3.000562e+00 -1.497788e-01
-2.321221e+00 5.304586e-02
-2.876851e+00 -4.992486e-02
-2.383020e+00 5.981563e-02
-2.922558e+00 -8.684539e-02
-2.949551e+00 -1.078265e-01
-2.865654e+00 -4.189597e-02
-2.904254e+00 -7.471320e-02
-2.034356e+00 2.154487e-02
-2.266546e+00 4.704186e-02
-2.763114e+00 1.935742e-02
-2.652701e+00 5.768350e-02
-2.118721e+00 3.080912e-02
-2.702451e+00 4.040573e-02
-2.531835e+00 7.298144e-02
-2.134519e+00 3.254390e-02
-2.817305e+00 -1.090584e-02
-2.630245e+00 6.380226e-02
-2.817573e+00 -1.214421e-02
-2.955833e+00 -1.127382e-01
-2.497397e+00 7.155311e-02
-2.927506e+00 -8.835881e-02
-2.898105e+00 -6.845924e-02
-2.615953e+00 6.666365e-02
-2.800983e+00 -1.411527e-03
-2.059412e+00 2.429628e-02
-2.933458e+00 -9.567614e-02
-2.170481e+00 3.649108e-02
-2.639044e+00 5.850605e-02
-2.984424e+00 -1.362040e-01
-2.637467e+00 6.128902e-02
-2.932522e+00 -9.280891e-02
-2.946437e+00 -1.051127e-01
-2.828492e+00 -1.902526e-02
-2.981183e+00 -1.345364e-01
-2.122240e+00 3.119477e-02
-2.095996e+00 2.831361e-02
-2.774678e+00 1.009102e-02
-2.561175e+00 7.244003e-02
-2.887867e+00 -6.073233e-02
-2.959741e+00 -1.158417e-01
-2.307178e+00 5.150374e-02
-2.249964e+00 4.522105e-02
-2.984627e+00 -1.383409e-01
-2.880526e+00 -5.246923e-02
-2.047422e+00 2.297965e-02
-2.082919e+00 2.687736e-02
-2.076185e+00 2.613811e-02
-2.561715e+00 7.231897e-02
-2.852502e+00 -3.303313e-02
-2.203584e+00 4.012803e-02
-2.584244e+00 6.786531e-02
-2.973676e+00 -1.283324e-01
-2.293666e+00 5.001969e-02
-2.602075e+00 6.741051e-02
-2.045057e+00 2.271996e-02
-2.152823e+00 3.455382e-02
-2.540318e+00 7.204460e-02
-2.191338e+00 3.878123e-02
-2.806314e+00 -4.591802e-03
-2.989552e+00 -1.406336e-01
-2.713804e+00 3.955760e-02
-2.969212e+00 -1.233143e-01
-2.958557e+00 -1.142601e-01
-2.912536e+00 -7.660411e-02
-2.695459e+00 4.404847e-02
-2.352966e+00 5.653176e-02
-2.411464e+00 6.284747e-02
-2.079224e+00 2.647190e-02
-2.968207e+00 -1.239773e-01
-2.371596e+00 5.855548e-02
-2.986122e+00 -1.388116e-01
-2.341964e+00 5.532328e-02
-2.544318e+00 6.849781e-02
-2.736920e+00 3.084313e-02
-2.438164e+00 6.587452e-02
-2.019708e+00 1.993617e-02
-2.350585e+00 5.620795e-02
-2.087419e+00 2.737097e-02
-2.886509e+00 -5.923395e-02
-2.586205e+00 7.043135e-02
-2.891704e+00 -6.090822e-02
-2.145112e+00 3.370705e-02
-2.238186e+00 4.392769e-02
-2.649862e+00 5.941072e-02
-2.872437e+00 -4.867895e-02
-2.465368e+00 6.782824e-02
-2.862361e+00 -3.951729e-02
-2.318134e+00 5.270459e-02
-2.784058e+00 8.584188e-03
-2.655054e+00 5.619676e-02
-2.660047e+00 5.103240e-02
-2.464710e+00 6.832744e-02
-2.431415e+00 6.487397e-02
-2.095135e+00 2.821906e-02
