# POD basis Psi  shape (1012 x 2)  -- columns are spatial modes
-2.375009e-02 6.853622e-02
-2.376994e-02 6.846719e-02
-2.378978e-02 6.839750e-02
-2.380960e-02 6.832714e-02
-2.382940e-02 6.825611e-02
-2.384919e-02 6.818440e-02
-2.386896e-02 6.811200e-02
-2.388872e-02 6.803891e-02
-2.390847e-02 6.796512e-02
-2.392819e-02 6.789061e-02
-2.394791e-02 6.781539e-02
-2.396760e-02 6.773945e-02
-2.398728e-02 6.766278e-02
-2.400694e-02 6.758538e-02
-2.402659e-02 6.750723e-02
-2.404622e-02 6.742835e-02
-2.406583e-02 6.734871e-02
-2.408543e-02 6.726831e-02
-2.410501e-02 6.718715e-02
-2.412457e-02 6.710523e-02
-2.414411e-02 6.702254e-02
-2.416364e-02 6.693908e-02
-2.418315e-02 6.685483e-02
-2.420265e-02 6.676981e-02
-2.422212e-02 6.668399e-02
-2.424158e-02 6.659739e-02
-2.426102e-02 6.650998e-02
-2.428044e-02 6.642179e-02
-2.429985e-02 6.633278e-02
-2.431923e-02 6.624298e-02
-2.433860e-02 6.615236e-02
-2.435795e-02 6.606094e-02
-2.437729e-02 6.596870e-02
-2.439660e-02 6.587565e-02
-2.441590e-02 6.578179e-02
-2.443517e-02 6.568711e-02
-2.445443e-02 6.559161e-02
-2.447368e-02 6.549529e-02
-2.449290e-02 6.539817e-02
-2.451211e-02 6.530022e-02
-2.453129e-02 6.520147e-02
-2.455046e-02 6.510190e-02
-2.456961e-02 6.500152e-02
-2.458875e-02 6.490034e-02
-2.460786e-02 6.479836e-02
-2.462696e-02 6.469557e-02
-2.464604e-02 6.459199e-02
-2.466510e-02 6.448761e-02
-2.468415e-02 6.438244e-02
-2.470317e-02 6.427649e-02
-2.472218e-02 6.416974e-02
-2.474117e-02 6.406222e-02
-2.476015e-02 6.395391e-02
-2.477910e-02 6.384483e-02
-2.479804e-02 6.373496e-02
-2.481696e-02 6.362432e-02
-2.483587e-02 6.351291e-02
-2.485475e-02 6.340072e-02
-2.487362e-02 6.328775e-02
-2.489247e-02 6.317402e-02
-2.491131e-02 6.305950e-02
-2.493012e-02 6.294421e-02
-2.494892e-02 6.282815e-02
-2.496770e-02 6.271131e-02
-2.498646e-02 6.259369e-02
-2.500521e-02 6.247530e-02
-2.502394e-02 6.235613e-02
-2.504265e-02 6.223619e-02
-2.506134e-02 6.211547e-02
-2.508001e-02 6.199398e-02
-2.509867e-02 6.187172e-02
-2.511731e-02 6.174869e-02
-2.513593e-02 6.162489e-02
-2.515454e-02 6.150032e-02
-2.517312e-02 6.137499e-02
-2.519169e-02 6.124890e-02
-2.521024e-02 6.112205e-02
-2.522877e-02 6.099445e-02
-2.524729e-02 6.086609e-02
-2.526579e-02 6.073698e-02
-2.528427e-02 6.060713e-02
-2.530273e-02 6.047653e-02
-2.532118e-02 6.034518e-02
-2.533961e-02 6.021310e-02
-2.535802e-02 6.008028e-02
-2.537641e-02 5.994672e-02
-2.539478e-02 5.981242e-02
-2.541314e-02 5.967739e-02
-2.543148e-02 5.954162e-02
-2.544981e-02 5.940511e-02
-2.546811e-02 5.926788e-02
-2.548640e-02 5.912990e-02
-2.550467e-02 5.899119e-02
-2.552292e-02 5.885174e-02
-2.554116e-02 5.871156e-02
-2.555937e-02 5.857064e-02
-2.557757e-02 5.842898e-02
-2.559575e-02 5.828658e-02
-2.561391e-02 5.814344e-02
-2.563206e-02 5.799956e-02
-2.565018e-02 5.785494e-02
-2.566829e-02 5.770957e-02
-2.568638e-02 5.756347e-02
-2.570445e-02 5.741663e-02
-2.572250e-02 5.726904e-02
-2.574054e-02 5.712071e-02
-2.575855e-02 5.697165e-02
-2.577655e-02 5.682184e-02
-2.579453e-02 5.667130e-02
-2.581249e-02 5.652001e-02
-2.583043e-02 5.636799e-02
-2.584835e-02 5.621523e-02
-2.586625e-02 5.606174e-02
-2.588414e-02 5.590751e-02
-2.590200e-02 5.575254e-02
-2.591985e-02 5.559685e-02
-2.593767e-02 5.544042e-02
-2.595548e-02 5.528327e-02
-2.597327e-02 5.512538e-02
-2.599104e-02 5.496677e-02
-2.600880e-02 5.480744e-02
-2.602653e-02 5.464737e-02
-2.604424e-02 5.448659e-02
-2.606194e-02 5.432509e-02
-2.607961e-02 5.416287e-02
-2.609727e-02 5.399993e-02
-2.611491e-02 5.383628e-02
-2.613253e-02 5.367192e-02
-2.615013e-02 5.350684e-02
-2.616771e-02 5.334106e-02
-2.618527e-02 5.317458e-02
-2.620281e-02 5.300740e-02
-2.622034e-02 5.283952e-02
-2.623784e-02 5.267095e-02
-2.625533e-02 5.250170e-02
-2.627280e-02 5.233175e-02
-2.629024e-02 5.216114e-02
-2.630768e-02 5.198985e-02
-2.632509e-02 5.181789e-02
-2.634248e-02 5.164528e-02
-2.635986e-02 5.147201e-02
-2.637722e-02 5.129809e-02
-2.639456e-02 5.112354e-02
-2.641188e-02 5.094836e-02
-2.642918e-02 5.077255e-02
-2.644647e-02 5.059612e-02
-2.646374e-02 5.041909e-02
-2.648100e-02 5.024146e-02
-2.649823e-02 5.006324e-02
-2.651545e-02 4.988444e-02
-2.653266e-02 4.970506e-02
-2.654984e-02 4.952512e-02
-2.656701e-02 4.934462e-02
-2.658417e-02 4.916357e-02
-2.660131e-02 4.898197e-02
-2.661843e-02 4.879984e-02
-2.663554e-02 4.861718e-02
-2.665263e-02 4.843400e-02
-2.666971e-02 4.825031e-02
-2.668677e-02 4.806610e-02
-2.670381e-02 4.788140e-02
-2.672085e-02 4.769619e-02
-2.673786e-02 4.751049e-02
-2.675486e-02 4.732431e-02
-2.677185e-02 4.713764e-02
-2.678882e-02 4.695049e-02
-2.680578e-02 4.676286e-02
-2.682272e-02 4.657476e-02
-2.683964e-02 4.638619e-02
-2.685656e-02 4.619715e-02
-2.687345e-02 4.600764e-02
-2.689033e-02 4.581767e-02
-2.690720e-02 4.562723e-02
-2.692405e-02 4.543633e-02
-2.694089e-02 4.524497e-02
-2.695771e-02 4.505315e-02
-2.697451e-02 4.486087e-02
-2.699130e-02 4.466813e-02
-2.700808e-02 4.447494e-02
-2.702484e-02 4.428128e-02
-2.704158e-02 4.408717e-02
-2.705831e-02 4.389260e-02
-2.707502e-02 4.369758e-02
-2.709172e-02 4.350211e-02
-2.710840e-02 4.330618e-02
-2.712506e-02 4.310980e-02
-2.714171e-02 4.291298e-02
-2.715834e-02 4.271571e-02
-2.717496e-02 4.251800e-02
-2.719156e-02 4.231984e-02
-2.720815e-02 4.212126e-02
-2.722471e-02 4.192224e-02
-2.724127e-02 4.172279e-02
-2.725781e-02 4.152291e-02
-2.727433e-02 4.132261e-02
-2.729083e-02 4.112189e-02
-2.730733e-02 4.092076e-02
-2.732380e-02 4.071922e-02
-2.734026e-02 4.051728e-02
-2.735670e-02 4.031493e-02
-2.737313e-02 4.011219e-02
-2.738955e-02 3.990905e-02
-2.740594e-02 3.970552e-02
-2.742233e-02 3.950161e-02
-2.743869e-02 3.929732e-02
-2.745505e-02 3.909264e-02
-2.747138e-02 3.888760e-02
-2.748771e-02 3.868218e-02
-2.750401e-02 3.847639e-02
-2.752030e-02 3.827024e-02
-2.753658e-02 3.806373e-02
-2.755284e-02 3.785686e-02
-2.756909e-02 3.764963e-02
-2.758532e-02 3.744206e-02
-2.760153e-02 3.723413e-02
-2.761773e-02 3.702586e-02
-2.763392e-02 3.681724e-02
-2.765008e-02 3.660828e-02
-2.766624e-02 3.639898e-02
-2.768238e-02 3.618935e-02
-2.769850e-02 3.597938e-02
-2.771461e-02 3.576909e-02
-2.773070e-02 3.555846e-02
-2.774678e-02 3.534751e-02
-2.776284e-02 3.513624e-02
-2.777888e-02 3.492465e-02
-2.779491e-02 3.471275e-02
-2.781093e-02 3.450053e-02
-2.782693e-02 3.428800e-02
-2.784291e-02 3.407516e-02
-2.785888e-02 3.386201e-02
-2.787483e-02 3.364857e-02
-2.789077e-02 3.343483e-02
-2.790669e-02 3.322079e-02
-2.792259e-02 3.300646e-02
-2.793848e-02 3.279184e-02
-2.795435e-02 3.257694e-02
-2.797021e-02 3.236175e-02
-2.798605e-02 3.214629e-02
-2.800187e-02 3.193055e-02
-2.801768e-02 3.171454e-02
-2.803347e-02 3.149826e-02
-2.804925e-02 3.128172e-02
-2.806501e-02 3.106491e-02
-2.808075e-02 3.084785e-02
-2.809648e-02 3.063053e-02
-2.811219e-02 3.041296e-02
-2.812788e-02 3.019514e-02
-2.814355e-02 2.997708e-02
-2.815921e-02 2.975877e-02
-2.817485e-02 2.954023e-02
-2.819048e-02 2.932145e-02
-2.820609e-02 2.910244e-02
-2.822167e-02 2.888320e-02
-2.823725e-02 2.866373e-02
-2.825280e-02 2.844405e-02
-2.826833e-02 2.822414e-02
-2.828385e-02 2.800402e-02
-2.829935e-02 2.778368e-02
-2.831483e-02 2.756314e-02
-2.833029e-02 2.734239e-02
-2.834573e-02 2.712144e-02
-2.836116e-02 2.690030e-02
-2.837656e-02 2.667896e-02
-2.839195e-02 2.645743e-02
-2.840731e-02 2.623571e-02
-2.842266e-02 2.601382e-02
-2.843798e-02 2.579174e-02
-2.845329e-02 2.556949e-02
-2.846858e-02 2.534708e-02
-2.848385e-02 2.512450e-02
-2.849909e-02 2.490175e-02
-2.851432e-02 2.467886e-02
-2.852953e-02 2.445581e-02
-2.854472e-02 2.423261e-02
-2.855988e-02 2.400928e-02
-2.857503e-02 2.378580e-02
-2.859016e-02 2.356220e-02
-2.860527e-02 2.333847e-02
-2.862035e-02 2.311461e-02
-2.863542e-02 2.289064e-02
-2.865047e-02 2.266656e-02
-2.866550e-02 2.244238e-02
-2.868050e-02 2.221809e-02
-2.869549e-02 2.199370e-02
-2.871046e-02 2.176923e-02
-2.872541e-02 2.154467e-02
-2.874034e-02 2.132003e-02
-2.875525e-02 2.109531e-02
-2.877014e-02 2.087053e-02
-2.878501e-02 2.064568e-02
-2.879986e-02 2.042077e-02
-2.881470e-02 2.019581e-02
-2.882951e-02 1.997081e-02
-2.884431e-02 1.974575e-02
-2.885908e-02 1.952067e-02
-2.887384e-02 1.929555e-02
-2.888858e-02 1.907040e-02
-2.890330e-02 1.884523e-02
-2.891800e-02 1.862004e-02
-2.893269e-02 1.839484e-02
-2.894735e-02 1.816964e-02
-2.896200e-02 1.794443e-02
-2.897663e-02 1.771923e-02
-2.899124e-02 1.749404e-02
-2.900584e-02 1.726885e-02
-2.902041e-02 1.704369e-02
-2.903497e-02 1.681855e-02
-2.904951e-02 1.659344e-02
-2.906404e-02 1.636836e-02
-2.907854e-02 1.614332e-02
-2.909303e-02 1.591832e-02
-2.910750e-02 1.569336e-02
-2.912195e-02 1.546846e-02
-2.913639e-02 1.524362e-02
-2.915080e-02 1.501883e-02
-2.916520e-02 1.479411e-02
-2.917958e-02 1.456946e-02
-2.919395e-02 1.434489e-02
-2.920829e-02 1.412039e-02
-2.922262e-02 1.389598e-02
-2.923694e-02 1.367166e-02
-2.925123e-02 1.344743e-02
-2.926551e-02 1.322330e-02
-2.927977e-02 1.299927e-02
-2.929401e-02 1.277535e-02
-2.930824e-02 1.255154e-02
-2.932244e-02 1.232785e-02
-2.933663e-02 1.210428e-02
-2.935081e-02 1.188083e-02
-2.936496e-02 1.165752e-02
-2.937910e-02 1.143435e-02
-2.939322e-02 1.121131e-02
-2.940732e-02 1.098843e-02
-2.942141e-02 1.076569e-02
-2.943548e-02 1.054312e-02
-2.944953e-02 1.032070e-02
-2.946356e-02 1.009846e-02
-2.947757e-02 9.876388e-03
-2.949157e-02 9.654498e-03
-2.950555e-02 9.432795e-03
-2.951951e-02 9.211283e-03
-2.953346e-02 8.989970e-03
-2.954738e-02 8.768861e-03
-2.956129e-02 8.547963e-03
-2.957518e-02 8.327282e-03
-2.958905e-02 8.106823e-03
-2.960291e-02 7.886595e-03
-2.961674e-02 7.666603e-03
-2.963056e-02 7.446853e-03
-2.964436e-02 7.227352e-03
-2.965814e-02 7.008106e-03
-2.967190e-02 6.789123e-03
-2.968564e-02 6.570408e-03
-2.969937e-02 6.351968e-03
-2.971307e-02 6.133810e-03
-2.972676e-02 5.915940e-03
-2.974042e-02 5.698365e-03
-2.975407e-02 5.481091e-03
-2.976770e-02 5.264125e-03
-2.978131e-02 5.047474e-03
-2.979490e-02 4.831143e-03
-2.980847e-02 4.615140e-03
-2.982202e-02 4.399471e-03
-2.983555e-02 4.184142e-03
-2.984906e-02 3.969161e-03
-2.986255e-02 3.754534e-03
-2.987603e-02 3.540267e-03
-2.988948e-02 3.326367e-03
-2.990291e-02 3.112841e-03
-2.991633e-02 2.899694e-03
-2.992972e-02 2.686935e-03
-2.994309e-02 2.474568e-03
-2.995645e-02 2.262602e-03
-2.996978e-02 2.051041e-03
-2.998310e-02 1.839892e-03
-2.999639e-02 1.629162e-03
-3.000966e-02 1.418856e-03
-3.002292e-02 1.208981e-03
-3.003615e-02 9.995434e-04
-3.004936e-02 7.905481e-04
-3.006256e-02 5.820014e-04
-3.007573e-02 3.739090e-04
-3.008888e-02 1.662767e-04
-3.010202e-02 -4.088972e-05
-3.011513e-02 -2.475847e-04
-3.012822e-02 -4.538028e-04
-3.014129e-02 -6.595383e-04
-3.015435e-02 -8.647858e-04
-3.016738e-02 -1.069540e-03
-3.018039e-02 -1.273795e-03
-3.019338e-02 -1.477547e-03
-3.020635e-02 -1.680789e-03
-3.021930e-02 -1.883517e-03
-3.023224e-02 -2.085726e-03
-3.024515e-02 -2.287410e-03
-3.025804e-02 -2.488566e-03
-3.027091e-02 -2.689188e-03
-3.028376e-02 -2.889273e-03
-3.029659e-02 -3.088816e-03
-3.030940e-02 -3.287813e-03
-3.032219e-02 -3.486261e-03
-3.033496e-02 -3.684156e-03
-3.034771e-02 -3.881494e-03
-3.036044e-02 -4.078273e-03
-3.037316e-02 -4.274491e-03
-3.038585e-02 -4.470144e-03
-3.039852e-02 -4.665230e-03
-3.041117e-02 -4.859747e-03
-3.042381e-02 -5.053694e-03
-3.043642e-02 -5.247069e-03
-3.044901e-02 -5.439869e-03
-3.046159e-02 -5.632095e-03
-3.047415e-02 -5.823745e-03
-3.048668e-02 -6.014818e-03
-3.049920e-02 -6.205312e-03
-3.051170e-02 -6.395228e-03
-3.052418e-02 -6.584563e-03
-3.053665e-02 -6.773318e-03
-3.054909e-02 -6.961492e-03
-3.056152e-02 -7.149083e-03
-3.057393e-02 -7.336091e-03
-3.058632e-02 -7.522514e-03
-3.059869e-02 -7.708352e-03
-3.061105e-02 -7.893604e-03
-3.062338e-02 -8.078267e-03
-3.063570e-02 -8.262340e-03
-3.064800e-02 -8.445821e-03
-3.066029e-02 -8.628709e-03
-3.067256e-02 -8.811000e-03
-3.068481e-02 -8.992693e-03
-3.069704e-02 -9.173784e-03
-3.070925e-02 -9.354270e-03
-3.072145e-02 -9.534148e-03
-3.073363e-02 -9.713415e-03
-3.074580e-02 -9.892066e-03
-3.075794e-02 -1.007010e-02
-3.077007e-02 -1.024751e-02
-3.078218e-02 -1.042429e-02
-3.079428e-02 -1.060044e-02
-3.080636e-02 -1.077596e-02
-3.081842e-02 -1.095083e-02
-3.083046e-02 -1.112506e-02
-3.084249e-02 -1.129864e-02
-3.085450e-02 -1.147156e-02
-3.086649e-02 -1.164383e-02
-3.087846e-02 -1.181543e-02
-3.089042e-02 -1.198637e-02
-3.090236e-02 -1.215663e-02
-3.091428e-02 -1.232622e-02
-3.092619e-02 -1.249513e-02
-3.093808e-02 -1.266335e-02
-3.094995e-02 -1.283088e-02
-3.096180e-02 -1.299772e-02
-3.097364e-02 -1.316386e-02
-3.098546e-02 -1.332929e-02
-3.099726e-02 -1.349401e-02
-3.100905e-02 -1.365801e-02
-3.102082e-02 -1.382130e-02
-3.103257e-02 -1.398385e-02
-3.104430e-02 -1.414567e-02
-3.105602e-02 -1.430674e-02
-3.106772e-02 -1.446707e-02
-3.107940e-02 -1.462663e-02
-3.109106e-02 -1.478543e-02
-3.110271e-02 -1.494346e-02
-3.111433e-02 -1.510070e-02
-3.112594e-02 -1.525716e-02
-3.113753e-02 -1.541281e-02
-3.114911e-02 -1.556765e-02
-3.116066e-02 -1.572168e-02
-3.117220e-02 -1.587488e-02
-3.118372e-02 -1.602725e-02
-3.119522e-02 -1.617878e-02
-3.120670e-02 -1.632946e-02
-3.121817e-02 -1.647928e-02
-3.122961e-02 -1.662823e-02
-3.124104e-02 -1.677631e-02
-3.125245e-02 -1.692352e-02
-3.126384e-02 -1.706984e-02
-3.127521e-02 -1.721526e-02
-3.128656e-02 -1.735979e-02
-3.129789e-02 -1.750341e-02
-3.130921e-02 -1.764612e-02
-3.132050e-02 -1.778791e-02
-3.133178e-02 -1.792878e-02
-3.134303e-02 -1.806873e-02
-3.135427e-02 -1.820774e-02
-3.136549e-02 -1.834581e-02
-3.137669e-02 -1.848294e-02
-3.138787e-02 -1.861912e-02
-3.139903e-02 -1.875434e-02
-3.141018e-02 -1.888861e-02
-3.142130e-02 -1.902191e-02
-3.143241e-02 -1.915424e-02
-3.144349e-02 -1.928560e-02
-3.145456e-02 -1.941597e-02
-3.146561e-02 -1.954536e-02
-3.147663e-02 -1.967377e-02
-3.148764e-02 -1.980117e-02
-3.149863e-02 -1.992758e-02
-3.150961e-02 -2.005299e-02
-3.152056e-02 -2.017738e-02
-3.153149e-02 -2.030076e-02
-3.154240e-02 -2.042312e-02
-3.155330e-02 -2.054446e-02
-3.156417e-02 -2.066477e-02
-3.157503e-02 -2.078404e-02
-3.158587e-02 -2.090227e-02
-3.159668e-02 -2.101946e-02
-3.160748e-02 -2.113559e-02
-3.161826e-02 -2.125067e-02
-3.162902e-02 -2.136468e-02
-3.163976e-02 -2.147761e-02
-3.165048e-02 -2.158947e-02
-3.166118e-02 -2.170024e-02
-3.167186e-02 -2.180992e-02
-3.168253e-02 -2.191849e-02
-3.169317e-02 -2.202596e-02
-3.170379e-02 -2.213231e-02
-3.171440e-02 -2.223753e-02
-3.172498e-02 -2.234162e-02
-3.173554e-02 -2.244456e-02
-3.174608e-02 -2.254635e-02
-3.175661e-02 -2.264699e-02
-3.176711e-02 -2.274645e-02
-3.177759e-02 -2.284473e-02
-3.178805e-02 -2.294183e-02
-3.179850e-02 -2.303774e-02
-3.180892e-02 -2.313245e-02
-3.181932e-02 -2.322594e-02
-3.182970e-02 -2.331822e-02
-3.184006e-02 -2.340927e-02
-3.185039e-02 -2.349910e-02
-3.186071e-02 -2.358769e-02
-3.187101e-02 -2.367503e-02
-3.188129e-02 -2.376113e-02
-3.189154e-02 -2.384597e-02
-3.190178e-02 -2.392956e-02
-3.191199e-02 -2.401188e-02
-3.192218e-02 -2.409294e-02
-3.193235e-02 -2.417274e-02
-3.194250e-02 -2.425126e-02
-3.195263e-02 -2.432852e-02
-3.196274e-02 -2.440450e-02
-3.197283e-02 -2.447922e-02
-3.198290e-02 -2.455266e-02
-3.199295e-02 -2.462484e-02
-3.200298e-02 -2.469575e-02
-3.201298e-02 -2.476540e-02
-3.202297e-02 -2.483378e-02
-3.203293e-02 -2.490092e-02
-3.204288e-02 -2.496680e-02
-3.205281e-02 -2.503143e-02
-3.206271e-02 -2.509483e-02
-3.207260e-02 -2.515699e-02
-3.208247e-02 -2.521792e-02
-3.209232e-02 -2.527763e-02
-3.210215e-02 -2.533613e-02
-3.211195e-02 -2.539342e-02
-3.212175e-02 -2.544951e-02
-3.213152e-02 -2.550440e-02
-3.214127e-02 -2.555811e-02
-3.215101e-02 -2.561064e-02
-3.216072e-02 -2.566199e-02
-3.217042e-02 -2.571217e-02
-3.218010e-02 -2.576118e-02
-3.218977e-02 -2.580904e-02
-3.219941e-02 -2.585575e-02
-3.220904e-02 -2.590130e-02
-3.221865e-02 -2.594570e-02
-3.222824e-02 -2.598896e-02
-3.223782e-02 -2.603108e-02
-3.224738e-02 -2.607207e-02
-3.225692e-02 -2.611191e-02
-3.226644e-02 -2.615062e-02
-3.227595e-02 -2.618819e-02
-3.228544e-02 -2.622463e-02
-3.229491e-02 -2.625993e-02
-3.230437e-02 -2.629411e-02
-3.231380e-02 -2.632715e-02
-3.232323e-02 -2.635906e-02
-3.233263e-02 -2.638984e-02
-3.234202e-02 -2.641949e-02
-3.235139e-02 -2.644801e-02
-3.236075e-02 -2.647541e-02
-3.237009e-02 -2.650168e-02
-3.237941e-02 -2.652683e-02
-3.238871e-02 -2.655087e-02
-3.239800e-02 -2.657378e-02
-3.240728e-02 -2.659559e-02
-3.241654e-02 -2.661628e-02
-3.242578e-02 -2.663587e-02
-3.243500e-02 -2.665437e-02
-3.244421e-02 -2.667177e-02
-3.245340e-02 -2.668809e-02
-3.246258e-02 -2.670332e-02
-3.247175e-02 -2.671749e-02
-3.248089e-02 -2.673059e-02
-3.249003e-02 -2.674264e-02
-3.249914e-02 -2.675363e-02
-3.250825e-02 -2.676359e-02
-3.251733e-02 -2.677252e-02
-3.252641e-02 -2.678042e-02
-3.253546e-02 -2.678732e-02
-3.254451e-02 -2.679321e-02
-3.255354e-02 -2.679811e-02
-3.256256e-02 -2.680202e-02
-3.257156e-02 -2.680496e-02
-3.258055e-02 -2.680694e-02
-3.258952e-02 -2.680797e-02
-3.259849e-02 -2.680806e-02
-3.260744e-02 -2.680722e-02
-3.261637e-02 -2.680545e-02
-3.262530e-02 -2.680278e-02
-3.263421e-02 -2.679922e-02
-3.264311e-02 -2.679477e-02
-3.265199e-02 -2.678945e-02
-3.266087e-02 -2.678327e-02
-3.266973e-02 -2.677625e-02
-3.267858e-02 -2.676841e-02
-3.268742e-02 -2.675975e-02
-3.269625e-02 -2.675030e-02
-3.270507e-02 -2.674007e-02
-3.271388e-02 -2.672908e-02
-3.272268e-02 -2.671735e-02
-3.273147e-02 -2.670491e-02
-3.274024e-02 -2.669176e-02
-3.274901e-02 -2.667793e-02
-3.275777e-02 -2.666345e-02
-3.276652e-02 -2.664833e-02
-3.277527e-02 -2.663259e-02
-3.278400e-02 -2.661627e-02
-3.279273e-02 -2.659938e-02
-3.280145e-02 -2.658195e-02
-3.281016e-02 -2.656399e-02
-3.281886e-02 -2.654553e-02
-3.282756e-02 -2.652660e-02
-3.283625e-02 -2.650721e-02
-3.284494e-02 -2.648738e-02
-3.285362e-02 -2.646715e-02
-3.286229e-02 -2.644651e-02
-3.287096e-02 -2.642551e-02
-3.287963e-02 -2.640414e-02
-3.288829e-02 -2.638244e-02
-3.289694e-02 -2.636042e-02
-3.290560e-02 -2.633809e-02
-3.291763e-02 -2.630098e-02
-3.293301e-02 -2.624929e-02
-3.294837e-02 -2.619769e-02
-3.296371e-02 -2.614616e-02
-3.297903e-02 -2.609471e-02
-3.299433e-02 -2.604333e-02
-3.300960e-02 -2.599203e-02
-3.302485e-02 -2.594081e-02
-3.304007e-02 -2.588966e-02
-3.305528e-02 -2.583860e-02
-3.307046e-02 -2.578760e-02
-3.308561e-02 -2.573669e-02
-3.310075e-02 -2.568585e-02
-3.311586e-02 -2.563509e-02
-3.313095e-02 -2.558441e-02
-3.314601e-02 -2.553380e-02
-3.316106e-02 -2.548327e-02
-3.317608e-02 -2.543281e-02
-3.319107e-02 -2.538244e-02
-3.320605e-02 -2.533214e-02
-3.322100e-02 -2.528191e-02
-3.323593e-02 -2.523177e-02
-3.325083e-02 -2.518169e-02
-3.326572e-02 -2.513170e-02
-3.328058e-02 -2.508179e-02
-3.329541e-02 -2.503195e-02
-3.331023e-02 -2.498218e-02
-3.332502e-02 -2.493250e-02
-3.333979e-02 -2.488289e-02
-3.335453e-02 -2.483335e-02
-3.336926e-02 -2.478390e-02
-3.338396e-02 -2.473452e-02
-3.339864e-02 -2.468522e-02
-3.341329e-02 -2.463599e-02
-3.342792e-02 -2.458684e-02
-3.344253e-02 -2.453777e-02
-3.345712e-02 -2.448877e-02
-3.347168e-02 -2.443986e-02
-3.348622e-02 -2.439101e-02
-3.350074e-02 -2.434225e-02
-3.351523e-02 -2.429356e-02
-3.352970e-02 -2.424495e-02
-3.354415e-02 -2.419641e-02
-3.355858e-02 -2.414796e-02
-3.357298e-02 -2.409958e-02
-3.358736e-02 -2.405127e-02
-3.360172e-02 -2.400304e-02
-3.361605e-02 -2.395489e-02
-3.363036e-02 -2.390682e-02
-3.364465e-02 -2.385882e-02
-3.365892e-02 -2.381090e-02
-3.367316e-02 -2.376306e-02
-3.368738e-02 -2.371529e-02
-3.370158e-02 -2.366760e-02
-3.371575e-02 -2.361998e-02
-3.372991e-02 -2.357245e-02
-3.374403e-02 -2.352499e-02
-3.375814e-02 -2.347760e-02
-3.377222e-02 -2.343030e-02
-3.378628e-02 -2.338307e-02
-3.380032e-02 -2.333591e-02
-3.381434e-02 -2.328884e-02
-3.382833e-02 -2.324184e-02
-3.384230e-02 -2.319491e-02
-3.385624e-02 -2.314807e-02
-3.387017e-02 -2.310130e-02
-3.388407e-02 -2.305460e-02
-3.389794e-02 -2.300799e-02
-3.391180e-02 -2.296145e-02
-3.392563e-02 -2.291498e-02
-3.393944e-02 -2.286860e-02
-3.395323e-02 -2.282229e-02
-3.396699e-02 -2.277606e-02
-3.398073e-02 -2.272990e-02
-3.399445e-02 -2.268382e-02
-3.400814e-02 -2.263782e-02
-3.402182e-02 -2.259189e-02
-3.403546e-02 -2.254604e-02
-3.404909e-02 -2.250027e-02
-3.406269e-02 -2.245457e-02
-3.407628e-02 -2.240895e-02
-3.408983e-02 -2.236341e-02
-3.410337e-02 -2.231795e-02
-3.411688e-02 -2.227256e-02
-3.413037e-02 -2.222724e-02
-3.414384e-02 -2.218201e-02
-3.415728e-02 -2.213685e-02
-3.417070e-02 -2.209177e-02
-3.418410e-02 -2.204676e-02
-3.419747e-02 -2.200183e-02
-3.421083e-02 -2.195698e-02
-3.422416e-02 -2.191221e-02
-3.423746e-02 -2.186751e-02
-3.425075e-02 -2.182288e-02
-3.426401e-02 -2.177834e-02
-3.427725e-02 -2.173387e-02
-3.429046e-02 -2.168948e-02
-3.430366e-02 -2.164516e-02
-3.431683e-02 -2.160092e-02
-3.432997e-02 -2.155676e-02
-3.434310e-02 -2.151268e-02
-3.435620e-02 -2.146867e-02
-3.436928e-02 -2.142473e-02
-3.438233e-02 -2.138088e-02
-3.439536e-02 -2.133710e-02
-3.440837e-02 -2.129340e-02
-3.442136e-02 -2.124977e-02
-3.443433e-02 -2.120622e-02
-3.444727e-02 -2.116275e-02
-3.446019e-02 -2.111936e-02
-3.447308e-02 -2.107604e-02
-3.448596e-02 -2.103279e-02
-3.449881e-02 -2.098963e-02
-3.451163e-02 -2.094654e-02
-3.452444e-02 -2.090353e-02
-3.453722e-02 -2.086059e-02
-3.454998e-02 -2.081773e-02
-3.456272e-02 -2.077495e-02
-3.457543e-02 -2.073224e-02
-3.458812e-02 -2.068962e-02
-3.460079e-02 -2.064706e-02
-3.461343e-02 -2.060459e-02
-3.462605e-02 -2.056219e-02
-3.463865e-02 -2.051987e-02
-3.465123e-02 -2.047762e-02
-3.466378e-02 -2.043545e-02
-3.467632e-02 -2.039336e-02
-3.468882e-02 -2.035134e-02
-3.470131e-02 -2.030940e-02
-3.471377e-02 -2.026754e-02
-3.472621e-02 -2.022575e-02
-3.473863e-02 -2.018405e-02
-3.475102e-02 -2.014241e-02
-3.476339e-02 -2.010086e-02
-3.477574e-02 -2.005938e-02
-3.478807e-02 -2.001797e-02
-3.480037e-02 -1.997665e-02
-3.481265e-02 -1.993540e-02
-3.482491e-02 -1.989422e-02
-3.483714e-02 -1.985313e-02
-3.484935e-02 -1.981211e-02
-3.486154e-02 -1.977117e-02
-3.487371e-02 -1.973030e-02
-3.488585e-02 -1.968951e-02
-3.489797e-02 -1.964880e-02
-3.491007e-02 -1.960816e-02
-3.492214e-02 -1.956760e-02
-3.493419e-02 -1.952711e-02
-3.494622e-02 -1.948671e-02
-3.495823e-02 -1.944638e-02
-3.497021e-02 -1.940612e-02
-3.498217e-02 -1.936595e-02
-3.499411e-02 -1.932585e-02
-3.500603e-02 -1.928582e-02
-3.501792e-02 -1.924587e-02
-3.502979e-02 -1.920600e-02
-3.504164e-02 -1.916621e-02
-3.505346e-02 -1.912649e-02
-3.506526e-02 -1.908685e-02
-3.507704e-02 -1.904729e-02
-3.508879e-02 -1.900780e-02
-3.510053e-02 -1.896839e-02
-3.511224e-02 -1.892905e-02
-3.512392e-02 -1.888980e-02
-3.513559e-02 -1.885061e-02
-3.514723e-02 -1.881151e-02
-3.515885e-02 -1.877248e-02
-3.517044e-02 -1.873353e-02
-3.518202e-02 -1.869465e-02
-3.519357e-02 -1.865586e-02
-3.520509e-02 -1.861713e-02
-3.521660e-02 -1.857849e-02
-3.522808e-02 -1.853992e-02
-3.523954e-02 -1.850143e-02
-3.525098e-02 -1.846301e-02
-3.526239e-02 -1.842467e-02
-3.527378e-02 -1.838641e-02
-3.528515e-02 -1.834823e-02
-3.529649e-02 -1.831012e-02
-3.530782e-02 -1.827208e-02
-3.531912e-02 -1.823413e-02
-3.533039e-02 -1.819625e-02
-3.534165e-02 -1.815844e-02
-3.535288e-02 -1.812072e-02
-3.536409e-02 -1.808307e-02
-3.537527e-02 -1.804549e-02
-3.538643e-02 -1.800800e-02
-3.539757e-02 -1.797058e-02
-3.540869e-02 -1.793323e-02
-3.541979e-02 -1.789597e-02
-3.543086e-02 -1.785878e-02
-3.544191e-02 -1.782166e-02
-3.545293e-02 -1.778462e-02
-3.546393e-02 -1.774766e-02
-3.547492e-02 -1.771078e-02
-3.548587e-02 -1.767397e-02
-3.549681e-02 -1.763724e-02
-3.550772e-02 -1.760059e-02
-3.551861e-02 -1.756401e-02
-3.552948e-02 -1.752751e-02
-3.554032e-02 -1.749108e-02
-3.555114e-02 -1.745473e-02
-3.556194e-02 -1.741846e-02
-3.557271e-02 -1.738227e-02
-3.558347e-02 -1.734615e-02
-3.559420e-02 -1.731010e-02
-3.560490e-02 -1.727414e-02
-3.561559e-02 -1.723825e-02
-3.562625e-02 -1.720244e-02
-3.563689e-02 -1.716670e-02
-3.564750e-02 -1.713104e-02
-3.565810e-02 -1.709546e-02
-3.566867e-02 -1.705995e-02
-3.567921e-02 -1.702452e-02
-3.568974e-02 -1.698917e-02
-3.570024e-02 -1.695389e-02
-3.571072e-02 -1.691869e-02
-3.572118e-02 -1.688357e-02
-3.573161e-02 -1.684852e-02
-3.574202e-02 -1.681355e-02
-3.575241e-02 -1.677865e-02
-3.576277e-02 -1.674383e-02
-3.577312e-02 -1.670909e-02
-3.578344e-02 -1.667443e-02
-3.579373e-02 -1.663984e-02
-3.580401e-02 -1.660533e-02
-3.581426e-02 -1.657089e-02
-3.582449e-02 -1.653653e-02
-3.583469e-02 -1.650225e-02
-3.584488e-02 -1.646805e-02
-3.585504e-02 -1.643392e-02
-3.586517e-02 -1.639986e-02
-3.587529e-02 -1.636589e-02
-3.588538e-02 -1.633199e-02
-3.589545e-02 -1.629816e-02
-3.590550e-02 -1.626442e-02
-3.591552e-02 -1.623075e-02
-3.592552e-02 -1.619715e-02
-3.593550e-02 -1.616364e-02
-3.594545e-02 -1.613020e-02
-3.595539e-02 -1.609683e-02
-3.596529e-02 -1.606354e-02
-3.597518e-02 -1.603033e-02
-3.598505e-02 -1.599720e-02
-3.599489e-02 -1.596414e-02
-3.600471e-02 -1.593116e-02
-3.601450e-02 -1.589825e-02
-3.602427e-02 -1.586542e-02
-3.603403e-02 -1.583267e-02
-3.604375e-02 -1.580000e-02
-3.605346e-02 -1.576740e-02
-3.606314e-02 -1.573487e-02
-3.607280e-02 -1.570243e-02
-3.608244e-02 -1.567006e-02
-3.609205e-02 -1.563777e-02
-3.610164e-02 -1.560555e-02
-3.611121e-02 -1.557341e-02
-3.612075e-02 -1.554134e-02
-3.613028e-02 -1.550936e-02
-3.613978e-02 -1.547745e-02
-3.614925e-02 -1.544561e-02
-3.615871e-02 -1.541385e-02
-3.616814e-02 -1.538217e-02
-3.617755e-02 -1.535057e-02
-3.618693e-02 -1.531904e-02
-3.619630e-02 -1.528759e-02
-3.620564e-02 -1.525621e-02
-3.621495e-02 -1.522491e-02
-3.622425e-02 -1.519369e-02
-3.623352e-02 -1.516254e-02
-3.624277e-02 -1.513147e-02
-3.625200e-02 -1.510048e-02
-3.626120e-02 -1.506956e-02
-3.627038e-02 -1.503872e-02
-3.627954e-02 -1.500796e-02
-3.628868e-02 -1.497727e-02
-3.629779e-02 -1.494666e-02
-3.630688e-02 -1.491613e-02
-3.631595e-02 -1.488567e-02
-3.632499e-02 -1.485529e-02
-3.633401e-02 -1.482498e-02
-3.634301e-02 -1.479475e-02
-3.635199e-02 -1.476460e-02
-3.636094e-02 -1.473453e-02
-3.636987e-02 -1.470453e-02
-3.637878e-02 -1.467461e-02
-3.638767e-02 -1.464476e-02
-3.639653e-02 -1.461499e-02
-3.640537e-02 -1.458530e-02
-3.641418e-02 -1.455568e-02
-3.642298e-02 -1.452614e-02
-3.643175e-02 -1.449667e-02
-3.644050e-02 -1.446729e-02
-3.644922e-02 -1.443798e-02
-3.645793e-02 -1.440874e-02
-3.646661e-02 -1.437958e-02
-3.647527e-02 -1.435050e-02
-3.648390e-02 -1.432150e-02
-3.649251e-02 -1.429257e-02
-3.650110e-02 -1.426371e-02
-3.650967e-02 -1.423494e-02
-3.651821e-02 -1.420624e-02
-3.652673e-02 -1.417762e-02
-3.653523e-02 -1.414907e-02
-3.654371e-02 -1.412060e-02
-3.655216e-02 -1.409221e-02
-3.656059e-02 -1.406389e-02
-3.656900e-02 -1.403565e-02
-3.657738e-02 -1.400748e-02
-3.658574e-02 -1.397939e-02
-3.659408e-02 -1.395138e-02
-3.660240e-02 -1.392345e-02
-3.661069e-02 -1.389559e-02
-3.661896e-02 -1.386781e-02
-3.662721e-02 -1.384010e-02
-3.663544e-02 -1.381247e-02
-3.664364e-02 -1.378492e-02
-3.665182e-02 -1.375744e-02
-3.665998e-02 -1.373004e-02
-3.666811e-02 -1.370272e-02
-3.667622e-02 -1.367547e-02
-3.668431e-02 -1.364830e-02
-3.669238e-02 -1.362120e-02
-3.670042e-02 -1.359419e-02
-3.670844e-02 -1.356725e-02
-3.671644e-02 -1.354038e-02
-3.672441e-02 -1.351359e-02
-3.673236e-02 -1.348688e-02
-3.674029e-02 -1.346024e-02
-3.674820e-02 -1.343368e-02
-3.675608e-02 -1.340720e-02
-3.676395e-02 -1.338079e-02
-3.677178e-02 -1.335446e-02
-3.677960e-02 -1.332821e-02
-3.678739e-02 -1.330203e-02
-3.679516e-02 -1.327593e-02
-3.680291e-02 -1.324991e-02
-3.681064e-02 -1.322396e-02
-3.681834e-02 -1.319809e-02
-3.682602e-02 -1.317229e-02
-3.683367e-02 -1.314657e-02
-3.684131e-02 -1.312093e-02
-3.684892e-02 -1.309536e-02
-3.685651e-02 -1.306987e-02
-3.686407e-02 -1.304446e-02
-3.687162e-02 -1.301912e-02
-3.687914e-02 -1.299386e-02
-3.688663e-02 -1.296868e-02
-3.689411e-02 -1.294357e-02
-3.690156e-02 -1.291854e-02
-3.690899e-02 -1.289358e-02
-3.691639e-02 -1.286871e-02
-3.692378e-02 -1.284390e-02
-3.693114e-02 -1.281918e-02
-3.693848e-02 -1.279453e-02
-3.694579e-02 -1.276996e-02
-3.695308e-02 -1.274546e-02
-3.696035e-02 -1.272104e-02
-3.696760e-02 -1.269669e-02
-3.697483e-02 -1.267243e-02
-3.698203e-02 -1.264824e-02
-3.698921e-02 -1.262412e-02
-3.699636e-02 -1.260008e-02
-3.700350e-02 -1.257612e-02
-3.701061e-02 -1.255224e-02
