# POD basis Psi  shape (80 x 3)  — columns are spatial modes
-1.059315e-01 -1.627684e-02 -3.161967e-01
-1.065582e-01 -1.983460e-02 -3.020653e-01
-1.071732e-01 -2.354716e-02 -2.871749e-01
-1.077773e-01 -2.741915e-02 -2.715069e-01
-1.083711e-01 -3.145542e-02 -2.550418e-01
-1.089555e-01 -3.566102e-02 -2.377589e-01
-1.095312e-01 -4.004119e-02 -2.196367e-01
-1.100653e-01 -4.496715e-02 -2.008027e-01
-1.105520e-01 -4.993681e-02 -1.829144e-01
-1.110240e-01 -5.459289e-02 -1.657904e-01
-1.114810e-01 -5.894325e-02 -1.494009e-01
-1.119227e-01 -6.299518e-02 -1.337183e-01
-1.123487e-01 -6.675545e-02 -1.187161e-01
-1.127587e-01 -7.023033e-02 -1.043696e-01
-1.131524e-01 -7.342560e-02 -9.065535e-02
-1.135294e-01 -7.634659e-02 -7.755136e-02
-1.138896e-01 -7.899817e-02 -6.503684e-02
-1.142327e-01 -8.138479e-02 -5.309218e-02
-1.145585e-01 -8.351052e-02 -4.169891e-02
-1.148668e-01 -8.537899e-02 -3.083959e-02
-1.151573e-01 -8.699347e-02 -2.049782e-02
-1.154299e-01 -8.835688e-02 -1.065812e-02
-1.156844e-01 -8.947177e-02 -1.305923e-03
-1.159207e-01 -9.034032e-02 7.572494e-03
-1.161385e-01 -9.096441e-02 1.599005e-02
-1.163378e-01 -9.134557e-02 2.395889e-02
-1.165184e-01 -9.148501e-02 3.149044e-02
-1.166802e-01 -9.138362e-02 3.859543e-02
-1.168230e-01 -9.104200e-02 4.528394e-02
-1.169467e-01 -9.046041e-02 5.156541e-02
-1.170512e-01 -8.963883e-02 5.744868e-02
-1.171364e-01 -8.857693e-02 6.294204e-02
-1.172022e-01 -8.727408e-02 6.805320e-02
-1.172484e-01 -8.572937e-02 7.278938e-02
-1.172749e-01 -8.394156e-02 7.715726e-02
-1.172817e-01 -8.190914e-02 8.116307e-02
-1.172686e-01 -7.963027e-02 8.481255e-02
-1.172355e-01 -7.710285e-02 8.811099e-02
-1.171823e-01 -7.432444e-02 9.106326e-02
-1.171089e-01 -7.129229e-02 9.367379e-02
-1.170152e-01 -6.800337e-02 9.594662e-02
-1.169011e-01 -6.445429e-02 9.788535e-02
-1.167665e-01 -6.064137e-02 9.949323e-02
-1.166112e-01 -5.656057e-02 1.007731e-01
-1.164352e-01 -5.220752e-02 1.017275e-01
-1.162384e-01 -4.757752e-02 1.023584e-01
-1.160205e-01 -4.266548e-02 1.026676e-01
-1.157816e-01 -3.746595e-02 1.026565e-01
-1.155214e-01 -3.197312e-02 1.023260e-01
-1.152400e-01 -2.618077e-02 1.016769e-01
-1.149371e-01 -2.008227e-02 1.007093e-01
-1.146126e-01 -1.367056e-02 9.942326e-02
-1.142664e-01 -6.938176e-03 9.781824e-02
-1.138985e-01 1.228328e-04 9.589344e-02
-1.135086e-01 7.520876e-03 9.364764e-02
-1.130966e-01 1.526486e-02 9.107923e-02
-1.126624e-01 2.336420e-02 8.818623e-02
-1.122059e-01 3.182886e-02 8.496624e-02
-1.117269e-01 4.066934e-02 8.141644e-02
-1.112254e-01 4.989675e-02 7.753358e-02
-1.107012e-01 5.952281e-02 7.331397e-02
-1.101541e-01 6.955987e-02 6.875345e-02
-1.095840e-01 8.002095e-02 6.384739e-02
-1.089909e-01 9.091980e-02 5.859065e-02
-1.083745e-01 1.022709e-01 5.297757e-02
-1.077348e-01 1.140895e-01 4.700195e-02
-1.070716e-01 1.263916e-01 4.065699e-02
-1.063849e-01 1.391943e-01 3.393532e-02
-1.056745e-01 1.525154e-01 2.682891e-02
-1.049403e-01 1.663736e-01 1.932906e-02
-1.041823e-01 1.807887e-01 1.142639e-02
-1.034002e-01 1.957817e-01 3.110728e-03
-1.025941e-01 2.113745e-01 -5.628853e-03
-1.017953e-01 2.271733e-01 -1.411732e-02
-1.010411e-01 2.416814e-01 -2.167112e-02
-1.002981e-01 2.553449e-01 -2.898401e-02
-9.956395e-02 2.681914e-01 -3.606253e-02
-9.883659e-02 2.802468e-01 -4.291285e-02
-9.811403e-02 2.915355e-01 -4.954070e-02
-9.739435e-02 3.020809e-01 -5.595149e-02
