# Reduced coefficients A_alpha.T  shape (500 x 3)  — rows are alpha^(i) = Psi^T y^(i)
-2.246619e+01 -2.456392e+00 -2.831917e-01
-1.149865e+01 -7.242355e-01 -7.889863e-01
-7.508710e+00 2.604556e-02 -1.124681e+00
-1.185073e+01 -2.506927e-01 -6.611870e-01
-8.522371e+00 1.393431e-02 -9.672679e-01
-7.857818e+00 1.376273e-01 -9.717338e-01
-1.436364e+01 5.722603e-01 -3.080841e-01
-2.112232e+01 1.938469e+00 5.116838e-01
-2.012375e+01 -2.088336e+00 4.740893e-01
-9.455957e+00 7.291086e-01 -1.092755e+00
-9.100290e+00 2.147514e+00 -6.890796e-01
-1.115646e+01 1.482322e+00 -4.748559e-01
-9.676317e+00 -6.181813e-01 -9.875360e-01
-1.352044e+01 1.173810e-01 -4.645235e-01
-1.678560e+01 -8.556386e-01 -1.777754e-01
-1.358334e+01 8.825769e-01 -3.555993e-01
-7.740076e+00 -5.937586e-02 -1.100387e+00
-1.015624e+01 -1.411947e-01 -8.919928e-01
-2.098180e+01 -2.236134e-01 2.349789e-01
-8.052363e+00 -2.497987e-01 -9.727701e-01
-1.920007e+01 4.339286e-01 1.413450e-01
-1.200713e+01 7.240279e-01 -6.006246e-01
-8.199425e+00 1.139932e+00 -7.740353e-01
-1.065830e+01 -9.896153e-01 -9.697416e-01
-2.579941e+01 -2.134199e+00 7.775698e-02
-1.443009e+01 4.876004e-01 -3.141451e-01
-8.867827e+00 5.472364e-01 -9.175577e-01
-1.282261e+01 9.305102e-01 -3.812951e-01
-1.890217e+01 4.711843e-01 2.902072e-01
-8.092049e+00 1.255608e-02 -1.011684e+00
-9.025406e+00 -1.930585e-01 -1.020076e+00
-9.150949e+00 2.283246e-02 -8.074455e-01
-1.147372e+01 -1.041277e+00 -8.719429e-01
-7.889588e+00 -3.921838e-01 -1.120855e+00
-8.191658e+00 -2.432067e-01 -1.192283e+00
-1.007917e+01 7.864899e-02 -8.184704e-01
-1.037134e+01 -4.794690e-01 -7.962502e-01
-8.656134e+00 -2.213545e-02 -1.011272e+00
-1.003993e+01 1.207350e+00 -7.245164e-01
-1.004436e+01 2.102081e-01 -8.772649e-01
-2.206026e+01 -3.447932e+00 4.874085e-01
-1.719692e+01 1.963633e+00 2.247816e-01
-1.059541e+01 -1.104087e+00 -9.960968e-01
-2.800115e+01 2.066029e-01 1.752591e+00
-7.387188e+00 -2.194976e-01 -1.332663e+00
-8.165800e+00 1.456161e+00 -1.059243e+00
-1.002222e+01 -5.543447e-01 -8.616122e-01
-9.984625e+00 1.399571e+00 -6.198823e-01
-8.244793e+00 1.129853e+00 -1.115511e+00
-1.819335e+01 8.149292e-01 1.220869e-01
-9.771199e+00 -3.309375e-01 -9.623648e-01
-2.473874e+01 4.891578e-01 7.376765e-01
-2.057046e+01 -2.862862e-01 5.914469e-02
-8.533133e+00 -5.400548e-01 -1.153658e+00
-2.042590e+01 -1.716148e+00 2.237243e-01
-7.847600e+00 1.485647e-01 -8.615323e-01
-1.178863e+01 3.847971e-01 -5.498721e-01
-1.559904e+01 -1.349672e+00 -4.368266e-01
-7.099657e+00 -2.280190e-01 -9.595931e-01
-2.911984e+01 -2.185944e+00 1.181831e+00
-9.038043e+00 -1.683433e-02 -8.908491e-01
-2.473633e+01 -2.289492e+00 2.304621e-01
-9.801514e+00 1.647429e-01 -8.629274e-01
-1.752797e+01 -9.595459e-01 -2.970816e-01
-1.474122e+01 -6.425629e-01 -4.257292e-01
-1.089353e+01 7.337518e-01 -6.638153e-01
-7.558720e+00 2.112912e-01 -1.118419e+00
-1.066676e+01 -3.670280e-01 -9.356574e-01
-2.214159e+01 1.200069e+00 5.719405e-01
-1.111511e+01 1.730022e+00 -5.104385e-01
-1.159660e+01 2.895305e+00 -7.314592e-01
-3.462817e+01 1.779934e+00 1.843139e+00
-1.478790e+01 -4.143238e-01 -3.452200e-01
-1.933834e+01 -1.960798e+00 3.481767e-02
-7.639221e+00 3.039139e-01 -1.137209e+00
-1.938266e+01 -1.716196e+00 1.228622e-01
-1.053045e+01 2.083281e+00 -7.617991e-01
-1.027668e+01 -4.678017e-01 -8.833479e-01
-1.312115e+01 -1.158454e+00 -6.639586e-01
-1.002503e+01 -8.748698e-02 -9.161050e-01
-1.032557e+01 1.342010e+00 -5.934088e-01
-2.992543e+01 -5.105355e+00 2.219151e+00
-1.457604e+01 -6.637450e-01 -4.412787e-01
-2.123930e+01 1.466719e+00 7.025883e-01
-1.582744e+01 -1.158238e-01 -2.813152e-01
-1.153420e+01 7.026570e-01 -6.832435e-01
-2.800113e+01 4.717115e+00 2.629869e+00
-1.186685e+01 -7.703580e-01 -7.758167e-01
-1.363235e+01 -8.291989e-01 -5.388872e-01
-1.934635e+01 5.327478e-01 1.252618e-01
-2.069105e+01 -8.484154e-01 2.202763e-03
-9.554891e+00 2.901923e-01 -9.677297e-01
-2.035919e+01 -3.041366e+00 3.242825e-01
-8.499999e+00 7.929113e-01 -9.752064e-01
-2.236715e+01 -1.627429e+00 7.600077e-01
-1.940771e+01 -1.732253e+00 2.666623e-01
-8.999249e+00 -1.593117e-02 -9.341964e-01
-1.012671e+01 9.460575e-01 -5.957750e-01
-1.513458e+01 -6.493547e-01 -4.465829e-01
-8.461934e+00 1.165599e+00 -8.463999e-01
-7.986325e+00 -2.219645e-01 -1.189590e+00
-1.714986e+01 -1.643192e+00 3.681466e-02
-1.424592e+01 -2.223929e-01 -4.204951e-01
-1.885993e+01 -1.741473e+00 -4.176216e-01
-1.301336e+01 2.234934e+00 -1.860628e-01
-8.784351e+00 4.534895e-01 -1.047279e+00
-7.923165e+00 -2.377530e-01 -1.005852e+00
-9.619815e+00 2.207103e+00 -6.031833e-01
-2.569862e+01 4.954284e-01 7.572122e-01
-2.680695e+01 3.471156e+00 1.885653e+00
-1.387699e+01 1.998550e+00 -2.903169e-01
-9.471563e+00 -2.691591e-01 -1.116515e+00
-3.189635e+01 1.367695e+00 1.548713e+00
-1.571504e+01 1.622099e+00 -2.199178e-02
-1.393810e+01 -1.743242e+00 -6.682988e-01
-8.256728e+00 9.671607e-01 -1.176670e+00
-1.068178e+01 1.887700e+00 -4.881485e-01
-8.934729e+00 9.971994e-02 -9.531122e-01
-1.070158e+01 8.802698e-03 -7.668624e-01
-1.263377e+01 3.507095e-01 -5.056069e-01
-1.442486e+01 -7.202772e-01 -5.468484e-01
-2.620954e+01 -3.522887e+00 1.580758e+00
-8.975750e+00 2.580264e-01 -7.811775e-01
-1.071061e+01 5.826711e-02 -8.609076e-01
-7.724791e+00 9.548012e-01 -1.205089e+00
-7.294850e+00 -9.432171e-02 -1.034690e+00
-2.049724e+01 -2.810998e-02 7.967798e-01
-9.175089e+00 1.065162e+00 -7.586085e-01
-7.813706e+00 2.190239e-01 -8.878935e-01
-9.470268e+00 -2.273184e-01 -8.635178e-01
-7.755785e+00 -1.484668e-01 -1.178739e+00
-1.116321e+01 5.050126e-01 -5.853115e-01
-8.302393e+00 7.422427e-01 -7.955512e-01
-8.751366e+00 3.340666e-01 -8.169603e-01
-7.227249e+00 1.354035e-01 -9.006508e-01
-8.605330e+00 -2.966505e-01 -1.123883e+00
-1.405671e+01 2.051475e+00 -1.542353e-01
-1.148238e+01 -7.704153e-01 -8.556702e-01
-1.124695e+01 -4.838540e-02 -6.812260e-01
-1.296885e+01 -5.470026e-01 -6.174659e-01
-1.277047e+01 1.084314e-01 -5.277771e-01
-1.679206e+01 -4.894325e-01 -2.155241e-02
-3.608350e+01 7.044222e-01 3.011923e+00
-8.052449e+00 8.086754e-01 -8.931112e-01
-8.123138e+00 2.774562e-01 -8.361009e-01
-2.185791e+01 2.027529e+00 6.354465e-01
-7.610717e+00 7.512547e-01 -1.239411e+00
-2.854102e+01 1.006125e+00 1.158594e+00
-1.146677e+01 -1.106129e+00 -8.854036e-01
-9.537611e+00 3.639090e-01 -8.124245e-01
-1.214576e+01 2.019749e+00 -3.349164e-01
-8.128463e+00 -3.851262e-01 -1.157447e+00
-1.765691e+01 3.105345e+00 3.867774e-01
-1.667633e+01 -6.127776e-01 -3.341766e-01
-1.419076e+01 1.434943e+00 -2.904585e-01
-9.222965e+00 -3.793472e-01 -9.569113e-01
-2.304102e+01 2.142942e+00 1.285971e+00
-9.890999e+00 4.004138e-01 -7.317215e-01
-2.257115e+01 -2.991899e-01 4.714695e-01
-8.411928e+00 -1.212263e-01 -9.934571e-01
-1.365343e+01 1.328128e+00 -2.648614e-01
-8.027743e+00 2.239048e-01 -8.813676e-01
-1.113180e+01 2.599255e-02 -7.201275e-01
-9.122816e+00 1.870888e+00 -1.068389e+00
-8.040880e+00 4.986211e-01 -8.069267e-01
-2.833188e+01 1.191370e+00 1.813501e+00
-1.164826e+01 -7.526972e-01 -8.182429e-01
-7.124814e+00 -2.338285e-02 -9.461488e-01
-8.184679e+00 -3.139186e-02 -9.490982e-01
-1.581630e+01 -1.387824e+00 -5.934275e-01
-3.996974e+01 1.982951e+00 3.714347e+00
-1.386746e+01 2.445974e+00 -1.707618e-01
-9.570386e+00 1.931296e+00 -5.911301e-01
-1.205930e+01 -6.192062e-01 -7.014369e-01
-1.903938e+01 -2.843191e+00 -2.720304e-01
-1.756648e+01 -1.413324e+00 -3.524002e-01
-1.421922e+01 2.505976e+00 -1.254881e-01
-8.354125e+00 -3.416588e-01 -1.178778e+00
-1.091679e+01 -8.521784e-01 -9.287469e-01
-1.023073e+01 1.903896e-01 -7.075398e-01
-1.082004e+01 5.955256e-01 -6.547001e-01
-2.151049e+01 5.125417e+00 1.173194e+00
-9.317233e+00 1.101223e+00 -8.788292e-01
-1.297331e+01 -1.325219e+00 -7.157821e-01
-1.028573e+01 -5.315888e-01 -8.916225e-01
-8.054514e+00 6.719518e-01 -8.583017e-01
-7.843332e+00 -2.863200e-02 -1.214810e+00
-1.584942e+01 6.048890e-01 -1.343983e-01
-7.626392e+00 5.553269e-01 -9.115916e-01
-1.829224e+01 -2.255000e-01 -5.602572e-02
-7.951955e+00 -3.546154e-01 -1.097699e+00
-1.486375e+01 1.849872e+00 -4.129557e-02
-7.536615e+00 3.277468e-01 -1.105308e+00
-2.235562e+01 -2.749790e-02 3.775320e-01
-1.014749e+01 -3.240839e-01 -9.662121e-01
-1.063305e+01 -9.064422e-01 -9.266467e-01
-1.069421e+01 -3.246185e-01 -7.727633e-01
-2.975677e+01 1.173035e+00 1.343454e+00
-9.050822e+00 2.612839e-01 -8.219814e-01
-2.231141e+01 -5.104334e-01 1.413059e-01
-1.141078e+01 4.741605e-01 -6.363094e-01
-1.374738e+01 -3.528809e-01 -4.727549e-01
-2.282631e+01 -2.458852e-01 3.898664e-01
-1.051259e+01 -2.146953e-01 -9.370367e-01
-3.861338e+01 1.891026e+00 2.243052e+00
-1.138980e+01 1.862712e+00 -3.604507e-01
-9.729165e+00 1.651930e-01 -9.508744e-01
-2.306919e+01 -3.409519e-01 2.945918e-01
-1.341907e+01 -1.070987e+00 -7.134298e-01
-1.453108e+01 3.013912e-03 -3.202204e-01
-1.445665e+01 -1.036511e+00 -5.027174e-01
-1.044481e+01 4.541618e-01 -6.447707e-01
-7.476030e+00 -3.171841e-01 -1.083099e+00
-2.106369e+01 -1.059696e+00 7.960065e-02
-7.294163e+00 1.170698e-01 -9.236399e-01
-3.198778e+01 -5.009552e-01 2.251411e+00
-9.962745e+00 -3.651740e-01 -8.011445e-01
-8.162510e+00 -3.333062e-01 -9.539805e-01
-1.045141e+01 5.268493e-01 -6.404420e-01
-2.319996e+01 1.647246e-01 7.038446e-01
-7.352771e+00 8.147359e-02 -9.407254e-01
-7.403009e+00 -1.188775e-01 -1.316490e+00
-1.321870e+01 4.435070e-01 -4.453059e-01
-2.385621e+01 -2.342021e+00 2.234232e-01
-2.613145e+01 -1.883894e-02 1.117071e+00
-2.658067e+01 -3.846958e+00 1.607998e+00
-1.226031e+01 2.071290e+00 -4.242575e-01
-2.535916e+01 -1.566227e+00 3.862609e-01
-2.767761e+01 1.585730e+00 1.295690e+00
-1.428109e+01 -1.474461e+00 -7.430948e-01
-7.921553e+00 4.617317e-02 -8.885896e-01
-9.517148e+00 -8.937188e-01 -1.137023e+00
-1.297081e+01 -1.986570e-01 -5.868932e-01
-1.110168e+01 -9.252057e-01 -9.261489e-01
-9.108471e+00 -1.850359e-01 -9.195137e-01
-1.425764e+01 8.411210e-02 -3.721621e-01
-1.177652e+01 5.067748e-01 -5.694648e-01
-8.182944e+00 6.918398e-02 -9.612955e-01
-9.903631e+00 -5.678674e-01 -1.054947e+00
-9.736148e+00 3.788464e-01 -9.058668e-01
-8.161230e+00 7.620313e-02 -8.652762e-01
-1.879015e+01 -2.416459e-01 1.031435e-01
-1.070549e+01 -1.849599e-01 -7.957798e-01
-1.135079e+01 -3.702514e-02 -6.608900e-01
-1.942627e+01 3.304985e-01 1.718131e-01
-1.425267e+01 -7.572091e-01 -4.465806e-01
-8.849395e+00 -3.679034e-01 -1.077846e+00
-1.045891e+01 2.218856e-01 -6.769806e-01
-2.867498e+01 2.855920e+00 1.481182e+00
-9.049153e+00 -4.121261e-01 -9.165604e-01
-1.688416e+01 -1.081793e+00 -2.588529e-01
-1.373751e+01 1.011105e+00 -3.151188e-01
-9.746691e+00 2.304987e+00 -8.560367e-01
-1.975801e+01 -2.385072e+00 -2.978478e-01
-7.783596e+00 -2.363462e-01 -1.049684e+00
-1.181458e+01 -9.046256e-01 -8.102670e-01
-1.007396e+01 -3.330736e-01 -7.768601e-01
-1.310232e+01 -2.844664e-01 -5.820998e-01
-1.783641e+01 -1.770210e+00 -3.184614e-01
-8.422203e+00 1.566239e+00 -1.215899e+00
-7.595103e+00 3.454770e-01 -8.873090e-01
-1.104814e+01 -2.569547e-01 -7.334267e-01
-1.015617e+01 1.268018e+00 -5.880809e-01
-8.752028e+00 3.370257e-01 -1.021492e+00
-8.425460e+00 -1.926850e-01 -1.103641e+00
-8.427409e+00 9.349474e-01 -7.710925e-01
-1.446783e+01 -1.862007e+00 -5.197179e-01
-1.395389e+01 -1.062386e+00 -4.909502e-01
-8.460538e+00 1.292133e+00 -8.144340e-01
-1.224897e+01 -1.033963e+00 -7.985280e-01
-1.435119e+01 -7.998699e-01 -5.399441e-01
-1.017260e+01 -1.710470e-01 -7.696726e-01
-1.662265e+01 -6.069894e-01 -2.910435e-01
-9.123946e+00 2.384718e-01 -1.064401e+00
-2.026946e+01 -5.569246e-01 7.095713e-03
-1.926343e+01 1.213124e+00 3.153921e-01
-3.705983e+01 2.716562e+00 2.239327e+00
-9.362920e+00 2.479157e+00 -6.239058e-01
-7.735443e+00 -2.090611e-01 -9.804296e-01
-8.160229e+00 -2.748863e-01 -9.396575e-01
-8.346971e+00 5.614624e-01 -1.080478e+00
-2.058111e+01 -8.918938e-01 -1.252306e-01
-1.831786e+01 -1.171959e+00 -1.812600e-01
-1.385415e+01 -1.854441e+00 -5.824855e-01
-8.358921e+00 1.008803e-01 -1.102835e+00
-1.862972e+01 -5.200065e-01 -2.073871e-02
-1.461355e+01 -4.658881e-01 -4.318922e-01
-8.217209e+00 -3.277825e-02 -9.275269e-01
-1.207469e+01 1.747901e+00 -4.864510e-01
-3.407139e+01 9.980552e-02 2.178791e+00
-8.879993e+00 -3.061798e-02 -8.244562e-01
-9.244307e+00 2.221941e+00 -9.368123e-01
-1.121351e+01 1.805907e-01 -7.362886e-01
-1.902982e+01 -2.083069e+00 -1.876157e-01
-1.033465e+01 2.701595e-01 -7.406103e-01
-8.934341e+00 1.124614e+00 -6.733496e-01
-2.069015e+01 -1.576489e-01 6.919457e-02
-1.467188e+01 -1.028484e+00 -4.945622e-01
-7.283513e+00 -1.412179e-01 -1.160124e+00
-6.959403e+00 -2.809098e-01 -1.344961e+00
-1.072666e+01 1.468410e+00 -7.113302e-01
-9.842016e+00 4.490402e-01 -7.094886e-01
-8.473723e+00 4.805730e-01 -1.216739e+00
-3.627098e+01 7.106458e-01 2.207841e+00
-9.384950e+00 -3.746774e-01 -9.129840e-01
-1.066874e+01 -3.708025e-01 -7.823769e-01
-1.153159e+01 4.348818e-01 -6.208889e-01
-1.654115e+01 1.146757e+00 -3.436951e-02
-7.865355e+00 7.428227e-01 -8.732043e-01
-1.000408e+01 2.952995e+00 -9.140662e-01
-9.486668e+00 2.368640e-02 -1.007541e+00
-1.139112e+01 5.869237e-01 -5.371151e-01
-1.002342e+01 -6.975967e-02 -7.534119e-01
-1.344109e+01 2.350974e+00 -3.091315e-01
-8.357658e+00 1.698626e-01 -8.834441e-01
-2.147501e+01 -2.050409e+00 2.443871e-02
-2.248200e+01 -1.657582e+00 1.697753e-01
-9.123791e+00 -1.550434e-01 -9.614653e-01
-1.887141e+01 1.602585e+00 3.913255e-01
-1.340440e+01 -8.580934e-01 -6.335178e-01
-1.899827e+01 -7.925395e-01 3.152873e-01
-1.236510e+01 -3.279590e-01 -6.833991e-01
-3.992446e+01 -5.009368e-01 4.258928e+00
-1.127208e+01 -6.026217e-01 -7.927844e-01
-1.308977e+01 -3.492656e-01 -5.840030e-01
-8.365156e+00 8.003135e-01 -9.478451e-01
-2.577327e+01 -1.698865e+00 1.265297e+00
-1.465818e+01 -3.040841e-01 -4.428489e-01
-1.439330e+01 -6.432561e-01 -4.702642e-01
-1.634278e+01 -2.650036e-01 -3.014846e-01
-8.692461e+00 8.048670e-01 -8.822167e-01
-2.749778e+01 -1.817858e+00 7.248187e-01
-1.165922e+01 -4.755238e-01 -6.942190e-01
-2.689256e+01 -2.284415e+00 5.115348e-01
-1.730579e+01 -4.315914e-01 -4.517760e-02
-2.308724e+01 -2.053306e+00 3.769429e-01
-7.080884e+00 -1.520996e-01 -1.341368e+00
-1.452961e+01 -3.714155e-01 -3.531781e-01
-8.610022e+00 -1.353823e-01 -9.827771e-01
-1.092998e+01 2.136419e-01 -8.599804e-01
-2.172337e+01 -2.096496e+00 9.832204e-01
-1.822942e+01 7.360956e-01 8.404555e-02
-1.693700e+01 -1.679734e-02 -1.434884e-01
-1.921231e+01 -5.503627e-01 2.914864e-02
-1.030004e+01 -7.403363e-01 -9.437894e-01
-8.440625e+00 -2.524566e-01 -9.427110e-01
-7.545881e+00 -1.872690e-02 -1.071657e+00
-9.416208e+00 -3.798518e-01 -8.484242e-01
-9.316985e+00 6.408840e-01 -7.600059e-01
-2.267863e+01 3.357236e+00 1.416946e+00
-1.263552e+01 -6.422551e-01 -6.731310e-01
-1.560933e+01 7.748413e-02 -1.640303e-01
-9.204446e+00 1.013188e-01 -8.859856e-01
-1.687313e+01 -1.452039e+00 -3.458919e-01
-1.246437e+01 -1.668457e-02 -5.841034e-01
-2.377050e+01 -1.812482e+00 4.391565e-01
-1.341227e+01 2.477745e-01 -4.756268e-01
-9.579814e+00 -8.595672e-02 -9.029465e-01
-2.425952e+01 -2.340129e+00 2.363958e-01
-1.604296e+01 2.419279e+00 1.082783e-01
-7.360261e+00 -1.023045e-02 -1.082370e+00
-9.369547e+00 2.193556e+00 -7.003760e-01
-2.193235e+01 -1.897409e+00 -1.781856e-01
-1.167581e+01 2.475042e+00 -4.533228e-01
-1.330267e+01 -1.016679e+00 -6.760729e-01
-1.739875e+01 -2.639725e-01 -2.270346e-01
-2.646308e+01 3.096793e-01 8.501397e-01
-1.504578e+01 1.391154e-01 -3.063884e-01
-1.246203e+01 -1.273640e-01 -5.922589e-01
-1.278490e+01 -1.050519e-01 -5.546655e-01
-1.201655e+01 -1.031363e+00 -8.175830e-01
-1.552028e+01 9.893760e-01 -1.215825e-01
-2.078022e+01 2.361835e+00 5.625061e-01
-1.346627e+01 -1.148937e+00 -7.164902e-01
-8.179346e+00 -4.661298e-01 -1.068019e+00
-1.066903e+01 2.408049e+00 -6.215443e-01
-8.115908e+00 5.781925e-01 -1.003200e+00
-8.274508e+00 -2.070031e-01 -1.196877e+00
-2.407305e+01 -1.455908e+00 2.946234e-01
-3.379006e+01 4.344023e+00 2.738864e+00
-1.464596e+01 7.396756e-01 -2.504381e-01
-2.290884e+01 -1.116507e+00 2.813562e-01
-1.020455e+01 1.860126e+00 -5.590709e-01
-1.089039e+01 2.714151e+00 -7.171139e-01
-2.380732e+01 -1.400375e+00 2.609822e-01
-1.054118e+01 1.022138e+00 -8.443887e-01
-9.254130e+00 9.456598e-01 -7.304105e-01
-3.039353e+01 -3.074201e-01 1.721420e+00
-1.319338e+01 -6.427834e-01 -6.180817e-01
-9.662162e+00 8.663315e-01 -7.547109e-01
-9.801030e+00 3.718632e-01 -7.808353e-01
-1.140567e+01 8.959615e-01 -5.779010e-01
-9.696004e+00 -1.954190e-01 -9.450968e-01
-1.071630e+01 1.505723e+00 -5.151358e-01
-1.113665e+01 -4.825248e-01 -7.669297e-01
-9.777697e+00 2.400847e+00 -5.910417e-01
-7.662291e+00 5.455977e-01 -1.021316e+00
-8.895269e+00 1.171459e+00 -7.994995e-01
-7.803366e+00 1.128654e-01 -1.222710e+00
-9.382056e+00 5.049520e-01 -7.518945e-01
-1.268353e+01 7.877897e-01 -5.244194e-01
-1.342524e+01 2.245252e-01 -4.381566e-01
-1.506327e+01 1.997457e+00 -7.393355e-02
-3.197014e+01 -2.985159e-01 1.154147e+00
-2.289669e+01 1.257592e+00 9.051015e-01
-1.129550e+01 1.297386e+00 -4.767628e-01
-1.199771e+01 -3.963550e-01 -7.533490e-01
-9.287658e+00 -4.539444e-01 -9.061910e-01
-1.241661e+01 1.072474e+00 -5.461715e-01
-1.302999e+01 9.140294e-01 -3.780711e-01
-1.546904e+01 -1.221887e+00 -4.727566e-01
-1.165450e+01 -6.463515e-01 -7.960052e-01
-7.324116e+00 4.499469e-02 -9.677294e-01
-7.880548e+00 4.087948e-02 -1.309348e+00
-1.725172e+01 -1.106924e+00 -3.776152e-01
-8.525111e+00 6.403164e-01 -9.911491e-01
-1.344343e+01 -1.315257e+00 -6.031825e-01
-1.261825e+01 6.668697e-01 -4.886982e-01
-9.575637e+00 4.873101e-01 -7.288516e-01
-1.440359e+01 -1.301016e+00 -5.989381e-01
-2.750390e+01 -2.641786e+00 1.006642e+00
-1.573009e+01 -1.131502e+00 -5.411081e-01
-1.577705e+01 9.256557e-02 -2.820366e-01
-7.200283e+00 -1.798963e-01 -1.203161e+00
-3.005656e+01 -2.292898e+00 1.074669e+00
-2.327980e+01 -1.810598e+00 1.846713e-01
-2.052235e+01 -9.395303e-02 1.054171e-01
-8.085665e+00 9.517730e-01 -9.082043e-01
-1.146632e+01 -1.192293e-01 -6.799237e-01
-2.753407e+01 -3.275372e+00 7.747758e-01
-1.358242e+01 1.352400e+00 -3.476665e-01
-1.321176e+01 1.372525e+00 -3.582292e-01
-3.331921e+01 2.564715e+00 2.270298e+00
-1.114322e+01 -5.045543e-01 -7.660117e-01
-9.823285e+00 8.020031e-02 -9.070407e-01
-1.164834e+01 -3.465230e-01 -7.151519e-01
-1.354984e+01 -1.237527e+00 -6.189004e-01
-1.244750e+01 -9.059998e-01 -7.336619e-01
-8.264383e+00 -5.519053e-02 -8.738878e-01
-1.635127e+01 -5.873092e-01 -6.215280e-02
-8.549747e+00 6.881164e-01 -1.211104e+00
-7.638854e+00 3.244384e-01 -9.587787e-01
-1.196719e+01 -7.896082e-01 -7.613618e-01
-1.909072e+01 9.934475e-01 2.002061e-01
-1.487380e+01 1.342649e+00 -1.195058e-01
-2.883366e+01 -1.955573e+00 1.896670e+00
-2.306264e+01 1.843881e+00 8.400512e-01
-8.531435e+00 1.207237e+00 -1.050756e+00
-1.531706e+01 -1.516617e+00 -3.016901e-01
-8.927889e+00 1.431485e+00 -1.163880e+00
-1.551755e+01 1.386131e+00 -8.845550e-02
-7.607557e+00 4.777966e-01 -9.633277e-01
-8.914167e+00 -4.420925e-01 -8.941528e-01
-2.732038e+01 -1.224875e+00 9.662648e-01
-8.911921e+00 -4.168262e-01 -1.094065e+00
-1.704415e+01 -9.334462e-01 -4.107793e-01
-1.864808e+01 -1.927905e-01 3.968513e-01
-1.188165e+01 6.023462e-01 -5.032591e-01
-8.498145e+00 3.856011e-01 -7.756586e-01
-2.397989e+01 -1.728748e+00 1.236203e+00
-1.045357e+01 -1.423339e-01 -9.787710e-01
-1.002989e+01 2.537188e+00 -5.671101e-01
-9.033039e+00 1.070520e+00 -8.763230e-01
-2.716421e+01 -8.519221e-01 1.457638e+00
-2.346559e+01 1.311298e+00 9.225676e-01
-1.687236e+01 -2.034486e+00 -4.279549e-01
-1.349900e+01 1.759752e+00 -1.737371e-01
-1.167833e+01 1.007183e+00 -6.938485e-01
-1.240529e+01 -8.177444e-01 -7.042357e-01
-1.058978e+01 5.816418e-01 -6.815641e-01
-1.584160e+01 -1.441584e+00 -1.677027e-01
-1.409030e+01 -7.287507e-01 -4.931953e-01
-1.090629e+01 8.322678e-01 -7.385808e-01
-8.724783e+00 1.160316e+00 -9.716820e-01
-2.843595e+01 -1.104193e+00 1.558729e+00
-1.460087e+01 -1.311694e+00 -5.588221e-01
-1.199041e+01 4.304129e-01 -6.509889e-01
-1.002729e+01 1.288322e+00 -9.899685e-01
-1.110738e+01 4.946408e-01 -7.352598e-01
-1.863204e+01 1.241649e+00 2.603779e-01
-2.076707e+01 2.849342e+00 8.954405e-01
-1.907277e+01 -2.364744e+00 5.769746e-02
-7.650713e+00 1.960609e-01 -9.740134e-01
-1.123830e+01 -8.827062e-01 -8.716284e-01
-1.862826e+01 2.840244e+00 5.669434e-01
-1.997283e+01 2.216143e+00 7.662950e-01
-1.340518e+01 -2.882660e-01 -5.424216e-01
-1.098070e+01 1.187850e+00 -4.897264e-01
-1.861970e+01 -2.446139e+00 2.207425e-01
-9.857091e+00 1.762832e+00 -5.490606e-01
-1.446420e+01 -1.160394e+00 -6.010515e-01
-2.779210e+01 -4.102180e+00 1.491689e+00
-9.640211e+00 1.369699e-02 -8.002371e-01
-1.040919e+01 -1.752858e-02 -7.734382e-01
-1.540529e+01 -3.679918e-01 -2.109463e-01
-9.956690e+00 1.780295e+00 -6.403379e-01
-1.430813e+01 3.748777e-01 -3.475236e-01
-8.553980e+00 -2.223166e-02 -9.610266e-01
-1.075061e+01 1.434757e+00 -5.509756e-01
-2.445943e+01 1.231849e+00 7.212094e-01
