# D_1  D_2  D_3  Sigma_a_1  Sigma_a_2  Sigma_a_3  q_1  q_2  q_3
1.000000e+00 1.834832e+00 1.673755e+00 5.000000e-01 9.472375e-02 1.401093e+00 1.000000e+00 1.000000e+00 1.000000e+00
1.000000e+00 1.418710e+00 1.003189e+00 5.000000e-01 7.068684e-01 1.379850e+00 1.000000e+00 1.000000e+00 1.000000e+00
1.000000e+00 9.844478e-01 1.178674e+00 5.000000e-01 1.394762e+00 1.108874e+00 1.000000e+00 1.000000e+00 1.000000e+00
1.000000e+00 1.837255e+00 1.255512e+00 5.000000e-01 7.169151e-01 9.758063e-01 1.000000e+00 1.000000e+00 1.000000e+00
1.000000e+00 1.250607e+00 7.541024e-01 5.000000e-01 1.186495e+00 1.070896e+00 1.000000e+00 1.000000e+00 1.000000e+00
1.000000e+00 1.361276e+00 1.988388e+00 5.000000e-01 1.344551e+00 8.425591e-01 1.000000e+00 1.000000e+00 1.000000e+00
1.000000e+00 1.079414e+00 1.053560e+00 5.000000e-01 6.199923e-01 5.086404e-01 1.000000e+00 1.000000e+00 1.000000e+00
1.000000e+00 1.927795e+00 5.541986e-01 5.000000e-01 3.996853e-01 2.582636e-01 1.000000e+00 1.000000e+00 1.000000e+00
1.000000e+00 5.893683e-01 1.610516e+00 5.000000e-01 2.845494e-01 8.787015e-01 1.000000e+00 1.000000e+00 1.000000e+00
1.000000e+00 5.156012e-01 9.689387e-01 5.000000e-01 1.105906e+00 6.278844e-01 1.000000e+00 1.000000e+00 1.000000e+00
1.000000e+00 1.274048e+00 1.033124e+00 5.000000e-01 1.461766e+00 1.038166e-01 1.000000e+00 1.000000e+00 1.000000e+00
1.000000e+00 1.479913e+00 1.695855e+00 5.000000e-01 1.028061e+00 1.406673e-01 1.000000e+00 1.000000e+00 1.000000e+00
1.000000e+00 1.091966e+00 1.929596e+00 5.000000e-01 9.203118e-01 1.250659e+00 1.000000e+00 1.000000e+00 1.000000e+00
1.000000e+00 1.046684e+00 6.895471e-01 5.000000e-01 6.415425e-01 7.500025e-01 1.000000e+00 1.000000e+00 1.000000e+00
1.000000e+00 1.073599e+00 6.238924e-01 5.000000e-01 4.048072e-01 1.066946e+00 1.000000e+00 1.000000e+00 1.000000e+00
1.000000e+00 1.131417e+00 1.609060e+00 5.000000e-01 7.017688e-01 3.272024e-01 1.000000e+00 1.000000e+00 1.000000e+00
1.000000e+00 1.029027e+00 8.614718e-01 5.000000e-01 1.327054e+00 1.200028e+00 1.000000e+00 1.000000e+00 1.000000e+00
1.000000e+00 9.978207e-01 1.598968e+00 5.000000e-01 9.237430e-01 8.864350e-01 1.000000e+00 1.000000e+00 1.000000e+00
1.000000e+00 1.629698e+00 6.262070e-01 5.000000e-01 2.777756e-01 7.685757e-01 1.000000e+00 1.000000e+00 1.000000e+00
1.000000e+00 1.567700e+00 1.349138e+00 5.000000e-01 1.222276e+00 1.320071e+00 1.000000e+00 1.000000e+00 1.000000e+00
1.000000e+00 1.588774e+00 1.261773e+00 5.000000e-01 3.697088e-01 4.417301e-01 1.000000e+00 1.000000e+00 1.000000e+00
1.000000e+00 9.497004e-01 6.722481e-01 5.000000e-01 8.157475e-01 5.694318e-01 1.000000e+00 1.000000e+00 1.000000e+00
1.000000e+00 1.542495e+00 1.435678e+00 5.000000e-01 1.493372e+00 3.072588e-01 1.000000e+00 1.000000e+00 1.000000e+00
1.000000e+00 7.477499e-01 1.385728e+00 5.000000e-01 7.892719e-01 1.464548e+00 1.000000e+00 1.000000e+00 1.000000e+00
1.000000e+00 1.872603e+00 1.566771e+00 5.000000e-01 5.581432e-02 1.069331e+00 1.000000e+00 1.000000e+00 1.000000e+00
1.000000e+00 1.337061e+00 1.739766e+00 5.000000e-01 6.076362e-01 3.983872e-01 1.000000e+00 1.000000e+00 1.000000e+00
1.000000e+00 1.069839e+00 1.912647e+00 5.000000e-01 1.212522e+00 5.294690e-01 1.000000e+00 1.000000e+00 1.000000e+00
1.000000e+00 1.994453e+00 7.076712e-01 5.000000e-01 7.796428e-01 4.515615e-01 1.000000e+00 1.000000e+00 1.000000e+00
1.000000e+00 9.666604e-01 1.779637e+00 5.000000e-01 3.954729e-01 2.984007e-01 1.000000e+00 1.000000e+00 1.000000e+00
1.000000e+00 1.204048e+00 1.705899e+00 5.000000e-01 1.268697e+00 9.703530e-01 1.000000e+00 1.000000e+00 1.000000e+00
1.000000e+00 9.643589e-01 1.852190e+00 5.000000e-01 1.071402e+00 9.881734e-01 1.000000e+00 1.000000e+00 1.000000e+00
1.000000e+00 1.869627e+00 1.602664e+00 5.000000e-01 1.079598e+00 9.018447e-01 1.000000e+00 1.000000e+00 1.000000e+00
1.000000e+00 1.062917e+00 1.653093e+00 5.000000e-01 6.912729e-01 1.391798e+00 1.000000e+00 1.000000e+00 1.000000e+00
1.000000e+00 1.045481e+00 1.515590e+00 5.000000e-01 1.236469e+00 1.428253e+00 1.000000e+00 1.000000e+00 1.000000e+00
1.000000e+00 6.999306e-01 8.030119e-01 5.000000e-01 1.205661e+00 1.309197e+00 1.000000e+00 1.000000e+00 1.000000e+00
1.000000e+00 1.264001e+00 7.883921e-01 5.000000e-01 9.599279e-01 9.100651e-01 1.000000e+00 1.000000e+00 1.000000e+00
1.000000e+00 1.693562e+00 5.008373e-01 5.000000e-01 8.461054e-01 1.470576e+00 1.000000e+00 1.000000e+00 1.000000e+00
1.000000e+00 1.049220e+00 9.741405e-01 5.000000e-01 1.156803e+00 1.053304e+00 1.000000e+00 1.000000e+00 1.000000e+00
1.000000e+00 1.083556e+00 1.640715e+00 5.000000e-01 1.119763e+00 2.794482e-01 1.000000e+00 1.000000e+00 1.000000e+00
1.000000e+00 9.410797e-01 1.173263e+00 5.000000e-01 9.802644e-01 7.713311e-01 1.000000e+00 1.000000e+00 1.000000e+00
1.000000e+00 6.834542e-01 1.867574e+00 5.000000e-01 1.894893e-01 1.236858e+00 1.000000e+00 1.000000e+00 1.000000e+00
1.000000e+00 1.220086e+00 1.219757e+00 5.000000e-01 5.604779e-01 1.551648e-01 1.000000e+00 1.000000e+00 1.000000e+00
1.000000e+00 7.125987e-01 1.757062e+00 5.000000e-01 7.863966e-01 1.481241e+00 1.000000e+00 1.000000e+00 1.000000e+00
1.000000e+00 8.699892e-01 7.353797e-01 5.000000e-01 1.783563e-01 4.703047e-01 1.000000e+00 1.000000e+00 1.000000e+00
1.000000e+00 5.675634e-01 1.375050e+00 5.000000e-01 1.372003e+00 1.338445e+00 1.000000e+00 1.000000e+00 1.000000e+00
1.000000e+00 7.693618e-01 1.207257e+00 5.000000e-01 1.486006e+00 3.345572e-01 1.000000e+00 1.000000e+00 1.000000e+00
1.000000e+00 1.777067e+00 1.472478e+00 5.000000e-01 8.616501e-01 1.367530e+00 1.000000e+00 1.000000e+00 1.000000e+00
1.000000e+00 1.582779e+00 7.160217e-01 5.000000e-01 1.176477e+00 3.205984e-01 1.000000e+00 1.000000e+00 1.000000e+00
1.000000e+00 6.904694e-01 1.142748e+00 5.000000e-01 1.401484e+00 4.672836e-01 1.000000e+00 1.000000e+00 1.000000e+00
1.000000e+00 1.495107e+00 1.943943e+00 5.000000e-01 4.356682e-01 2.114292e-01 1.000000e+00 1.000000e+00 1.000000e+00
1.000000e+00 9.586033e-01 1.442561e+00 5.000000e-01 9.493389e-01 1.081600e+00 1.000000e+00 1.000000e+00 1.000000e+00
1.000000e+00 1.520322e+00 1.679661e+00 5.000000e-01 2.182686e-01 2.745591e-01 1.000000e+00 1.000000e+00 1.000000e+00
1.000000e+00 1.827410e+00 1.554986e+00 5.000000e-01 2.698225e-01 5.736128e-01 1.000000e+00 1.000000e+00 1.000000e+00
1.000000e+00 7.912640e-01 1.670665e+00 5.000000e-01 1.103646e+00 1.394863e+00 1.000000e+00 1.000000e+00 1.000000e+00
1.000000e+00 9.246709e-01 1.082567e+00 5.000000e-01 2.559919e-01 1.024514e+00 1.000000e+00 1.000000e+00 1.000000e+00
1.000000e+00 1.964940e+00 7.768125e-01 5.000000e-01 1.349235e+00 1.015245e+00 1.000000e+00 1.000000e+00 1.000000e+00
1.000000e+00 1.855521e+00 1.899366e+00 5.000000e-01 8.080806e-01 4.812916e-01 1.000000e+00 1.000000e+00 1.000000e+00
1.000000e+00 1.035405e+00 1.361595e+00 5.000000e-01 4.215056e-01 1.163726e+00 1.000000e+00 1.000000e+00 1.000000e+00
1.000000e+00 1.967489e+00 1.596487e+00 5.000000e-01 1.431421e+00 1.458521e+00 1.000000e+00 1.000000e+00 1.000000e+00
1.000000e+00 1.147620e+00 6.588109e-01 5.000000e-01 7.809086e-02 1.077647e+00 1.000000e+00 1.000000e+00 1.000000e+00
1.000000e+00 1.428278e+00 8.534653e-01 5.000000e-01 1.093858e+00 1.047817e+00 1.000000e+00 1.000000e+00 1.000000e+00
1.000000e+00 1.484059e+00 1.042254e+00 5.000000e-01 1.001511e-01 1.267151e+00 1.000000e+00 1.000000e+00 1.000000e+00
1.000000e+00 1.115806e+00 1.834827e+00 5.000000e-01 1.008669e+00 6.929144e-01 1.000000e+00 1.000000e+00 1.000000e+00
1.000000e+00 1.518149e+00 1.840765e+00 5.000000e-01 3.362418e-01 8.203066e-01 1.000000e+00 1.000000e+00 1.000000e+00
1.000000e+00 1.457079e+00 5.076591e-01 5.000000e-01 4.989035e-01 1.196407e+00 1.000000e+00 1.000000e+00 1.000000e+00
1.000000e+00 1.196420e+00 1.441075e+00 5.000000e-01 9.446315e-01 4.563673e-01 1.000000e+00 1.000000e+00 1.000000e+00
1.000000e+00 9.358895e-01 1.716058e+00 5.000000e-01 1.418194e+00 8.712916e-01 1.000000e+00 1.000000e+00 1.000000e+00
1.000000e+00 6.210127e-01 1.683615e+00 5.000000e-01 8.488391e-01 9.240766e-01 1.000000e+00 1.000000e+00 1.000000e+00
1.000000e+00 1.653313e+00 7.457620e-01 5.000000e-01 3.218553e-01 3.640246e-01 1.000000e+00 1.000000e+00 1.000000e+00
1.000000e+00 1.253893e+00 1.269523e+00 5.000000e-01 1.049440e+00 1.787224e-01 1.000000e+00 1.000000e+00 1.000000e+00
1.000000e+00 5.129620e-01 1.071264e+00 5.000000e-01 1.025747e+00 1.234093e-01 1.000000e+00 1.000000e+00 1.000000e+00
1.000000e+00 1.773386e+00 1.635974e+00 5.000000e-01 1.047241e-01 7.878125e-02 1.000000e+00 1.000000e+00 1.000000e+00
1.000000e+00 7.380558e-01 1.551395e+00 5.000000e-01 5.352065e-01 6.836430e-01 1.000000e+00 1.000000e+00 1.000000e+00
1.000000e+00 9.162494e-01 1.121285e+00 5.000000e-01 2.743420e-01 1.189334e+00 1.000000e+00 1.000000e+00 1.000000e+00
1.000000e+00 8.683432e-01 9.091368e-01 5.000000e-01 1.411500e+00 9.116082e-01 1.000000e+00 1.000000e+00 1.000000e+00
1.000000e+00 8.960530e-01 7.854076e-01 5.000000e-01 2.879776e-01 1.194905e+00 1.000000e+00 1.000000e+00 1.000000e+00
1.000000e+00 7.494863e-01 9.137439e-01 5.000000e-01 1.121816e+00 2.291635e-01 1.000000e+00 1.000000e+00 1.000000e+00
1.000000e+00 1.184305e+00 8.832226e-01 5.000000e-01 8.678702e-01 1.278570e+00 1.000000e+00 1.000000e+00 1.000000e+00
1.000000e+00 7.230586e-01 1.500318e+00 5.000000e-01 5.861124e-01 1.176475e+00 1.000000e+00 1.000000e+00 1.000000e+00
1.000000e+00 9.210688e-01 1.394212e+00 5.000000e-01 9.471106e-01 8.994172e-01 1.000000e+00 1.000000e+00 1.000000e+00
1.000000e+00 1.426248e+00 1.337339e+00 5.000000e-01 1.116876e+00 2.550413e-01 1.000000e+00 1.000000e+00 1.000000e+00
1.000000e+00 5.351886e-01 1.436787e+00 5.000000e-01 8.233320e-02 1.202633e+00 1.000000e+00 1.000000e+00 1.000000e+00
1.000000e+00 1.018647e+00 9.605729e-01 5.000000e-01 5.189771e-01 9.863965e-01 1.000000e+00 1.000000e+00 1.000000e+00
1.000000e+00 1.105049e+00 8.243185e-01 5.000000e-01 3.648980e-01 3.109855e-01 1.000000e+00 1.000000e+00 1.000000e+00
1.000000e+00 1.482787e+00 1.347089e+00 5.000000e-01 4.750437e-01 6.609378e-01 1.000000e+00 1.000000e+00 1.000000e+00
1.000000e+00 8.299830e-01 1.034543e+00 5.000000e-01 8.588290e-01 5.381791e-01 1.000000e+00 1.000000e+00 1.000000e+00
1.000000e+00 5.529259e-01 7.733122e-01 5.000000e-01 2.996516e-01 7.937330e-02 1.000000e+00 1.000000e+00 1.000000e+00
1.000000e+00 1.323168e+00 1.304362e+00 5.000000e-01 6.732615e-01 1.268918e+00 1.000000e+00 1.000000e+00 1.000000e+00
1.000000e+00 8.759143e-01 5.243617e-01 5.000000e-01 5.728134e-01 1.244617e+00 1.000000e+00 1.000000e+00 1.000000e+00
1.000000e+00 1.802107e+00 1.624494e+00 5.000000e-01 3.668361e-01 3.416468e-01 1.000000e+00 1.000000e+00 1.000000e+00
1.000000e+00 1.819832e+00 8.785403e-01 5.000000e-01 2.375856e-01 9.731411e-01 1.000000e+00 1.000000e+00 1.000000e+00
1.000000e+00 8.022579e-01 1.085334e+00 5.000000e-01 1.054598e+00 7.745131e-01 1.000000e+00 1.000000e+00 1.000000e+00
1.000000e+00 6.481312e-01 1.417492e+00 5.000000e-01 2.417889e-01 1.362017e+00 1.000000e+00 1.000000e+00 1.000000e+00
1.000000e+00 9.556251e-01 1.333883e+00 5.000000e-01 1.316018e+00 5.334206e-01 1.000000e+00 1.000000e+00 1.000000e+00
1.000000e+00 7.182888e-01 1.126203e+00 5.000000e-01 2.352403e-01 8.068803e-01 1.000000e+00 1.000000e+00 1.000000e+00
1.000000e+00 7.323955e-01 7.402189e-01 5.000000e-01 3.023256e-01 1.142329e+00 1.000000e+00 1.000000e+00 1.000000e+00
1.000000e+00 1.231867e+00 6.774057e-01 5.000000e-01 1.100967e+00 1.064216e+00 1.000000e+00 1.000000e+00 1.000000e+00
1.000000e+00 1.864677e+00 1.067437e+00 5.000000e-01 1.097420e+00 4.104227e-01 1.000000e+00 1.000000e+00 1.000000e+00
1.000000e+00 1.488338e+00 1.301293e+00 5.000000e-01 4.667550e-01 9.456678e-01 1.000000e+00 1.000000e+00 1.000000e+00
1.000000e+00 1.257281e+00 9.784416e-01 5.000000e-01 1.409483e+00 3.961728e-01 1.000000e+00 1.000000e+00 1.000000e+00
1.000000e+00 7.524551e-01 6.921678e-01 5.000000e-01 1.248111e+00 1.336747e+00 1.000000e+00 1.000000e+00 1.000000e+00
1.000000e+00 5.453072e-01 1.186385e+00 5.000000e-01 3.917491e-01 1.036177e+00 1.000000e+00 1.000000e+00 1.000000e+00
1.000000e+00 9.780716e-01 9.842322e-01 5.000000e-01 5.700056e-01 7.936404e-01 1.000000e+00 1.000000e+00 1.000000e+00
1.000000e+00 1.913644e+00 1.322586e+00 5.000000e-01 2.174746e-01 1.449900e+00 1.000000e+00 1.000000e+00 1.000000e+00
1.000000e+00 1.619206e+00 1.160279e+00 5.000000e-01 9.174735e-01 6.517128e-02 1.000000e+00 1.000000e+00 1.000000e+00
1.000000e+00 7.752064e-01 1.689707e+00 5.000000e-01 1.199773e+00 6.402732e-01 1.000000e+00 1.000000e+00 1.000000e+00
1.000000e+00 1.432884e+00 1.432334e+00 5.000000e-01 1.252483e+00 1.298693e+00 1.000000e+00 1.000000e+00 1.000000e+00
1.000000e+00 1.399062e+00 8.947483e-01 5.000000e-01 1.373836e+00 1.070593e-01 1.000000e+00 1.000000e+00 1.000000e+00
1.000000e+00 1.669722e+00 1.808713e+00 5.000000e-01 1.940989e-01 2.430369e-01 1.000000e+00 1.000000e+00 1.000000e+00
1.000000e+00 9.196111e-01 5.954087e-01 5.000000e-01 2.958483e-01 1.585955e-01 1.000000e+00 1.000000e+00 1.000000e+00
1.000000e+00 8.109382e-01 5.045434e-01 5.000000e-01 7.515923e-01 3.003354e-01 1.000000e+00 1.000000e+00 1.000000e+00
1.000000e+00 5.285678e-01 1.365756e+00 5.000000e-01 1.000182e+00 1.054975e+00 1.000000e+00 1.000000e+00 1.000000e+00
1.000000e+00 1.731074e+00 1.012723e+00 5.000000e-01 1.288103e-01 2.707025e-01 1.000000e+00 1.000000e+00 1.000000e+00
1.000000e+00 1.989485e+00 8.650259e-01 5.000000e-01 6.380275e-01 2.363870e-01 1.000000e+00 1.000000e+00 1.000000e+00
1.000000e+00 8.579638e-01 1.976350e+00 5.000000e-01 4.891289e-01 1.386585e+00 1.000000e+00 1.000000e+00 1.000000e+00
1.000000e+00 6.085162e-01 9.490834e-01 5.000000e-01 1.362826e+00 5.665414e-01 1.000000e+00 1.000000e+00 1.000000e+00
1.000000e+00 1.575486e+00 8.758712e-01 5.000000e-01 1.151099e+00 1.732118e-01 1.000000e+00 1.000000e+00 1.000000e+00
1.000000e+00 1.128983e+00 6.523700e-01 5.000000e-01 1.128473e+00 9.805761e-01 1.000000e+00 1.000000e+00 1.000000e+00
1.000000e+00 1.293756e+00 1.737687e+00 5.000000e-01 8.753089e-01 7.454364e-01 1.000000e+00 1.000000e+00 1.000000e+00
1.000000e+00 1.561213e+00 1.056622e+00 5.000000e-01 7.263655e-01 6.307431e-01 1.000000e+00 1.000000e+00 1.000000e+00
1.000000e+00 1.911008e+00 1.169424e+00 5.000000e-01 4.803781e-01 1.156150e+00 1.000000e+00 1.000000e+00 1.000000e+00
1.000000e+00 5.480003e-01 1.676081e+00 5.000000e-01 1.474998e-01 8.890038e-01 1.000000e+00 1.000000e+00 1.000000e+00
1.000000e+00 1.883638e+00 1.000924e+00 5.000000e-01 1.153655e+00 8.278964e-01 1.000000e+00 1.000000e+00 1.000000e+00
1.000000e+00 7.618691e-01 1.457091e+00 5.000000e-01 8.828615e-01 7.527304e-01 1.000000e+00 1.000000e+00 1.000000e+00
1.000000e+00 6.456593e-01 1.202155e+00 5.000000e-01 1.490790e+00 5.484966e-01 1.000000e+00 1.000000e+00 1.000000e+00
1.000000e+00 1.401168e+00 1.089376e+00 5.000000e-01 1.423380e+00 1.282038e+00 1.000000e+00 1.000000e+00 1.000000e+00
1.000000e+00 5.379730e-01 1.633812e+00 5.000000e-01 3.445727e-01 3.561118e-01 1.000000e+00 1.000000e+00 1.000000e+00
1.000000e+00 1.307672e+00 1.638624e+00 5.000000e-01 1.256995e+00 3.184370e-01 1.000000e+00 1.000000e+00 1.000000e+00
1.000000e+00 1.707404e+00 1.939977e+00 5.000000e-01 1.376726e+00 7.850216e-01 1.000000e+00 1.000000e+00 1.000000e+00
1.000000e+00 1.613007e+00 1.732148e+00 5.000000e-01 9.903792e-01 1.040925e+00 1.000000e+00 1.000000e+00 1.000000e+00
1.000000e+00 8.230589e-01 1.141462e+00 5.000000e-01 1.306672e+00 1.241327e+00 1.000000e+00 1.000000e+00 1.000000e+00
1.000000e+00 1.888596e+00 6.854579e-01 5.000000e-01 8.890915e-01 6.515882e-01 1.000000e+00 1.000000e+00 1.000000e+00
1.000000e+00 1.663576e+00 1.192829e+00 5.000000e-01 1.382857e+00 5.249431e-01 1.000000e+00 1.000000e+00 1.000000e+00
1.000000e+00 1.762624e+00 5.119068e-01 5.000000e-01 1.202381e+00 8.328659e-01 1.000000e+00 1.000000e+00 1.000000e+00
1.000000e+00 1.919588e+00 1.484983e+00 5.000000e-01 1.499710e+00 9.915559e-01 1.000000e+00 1.000000e+00 1.000000e+00
1.000000e+00 7.909443e-01 1.798125e+00 5.000000e-01 1.125177e+00 1.128095e+00 1.000000e+00 1.000000e+00 1.000000e+00
1.000000e+00 1.098654e+00 1.533525e+00 5.000000e-01 7.691438e-01 8.505842e-02 1.000000e+00 1.000000e+00 1.000000e+00
1.000000e+00 6.145567e-01 1.906936e+00 5.000000e-01 7.390738e-01 1.019329e+00 1.000000e+00 1.000000e+00 1.000000e+00
1.000000e+00 1.751273e+00 1.800774e+00 5.000000e-01 8.023479e-01 7.585393e-01 1.000000e+00 1.000000e+00 1.000000e+00
1.000000e+00 9.022129e-01 9.242001e-01 5.000000e-01 6.311393e-01 1.022594e+00 1.000000e+00 1.000000e+00 1.000000e+00
1.000000e+00 1.734911e+00 1.412101e+00 5.000000e-01 6.852069e-01 6.756947e-01 1.000000e+00 1.000000e+00 1.000000e+00
1.000000e+00 7.448858e-01 6.311868e-01 5.000000e-01 4.406422e-01 8.364033e-01 1.000000e+00 1.000000e+00 1.000000e+00
1.000000e+00 9.313603e-01 7.460380e-01 5.000000e-01 8.861568e-02 3.697093e-01 1.000000e+00 1.000000e+00 1.000000e+00
1.000000e+00 1.290976e+00 1.548946e+00 5.000000e-01 1.439166e+00 4.718807e-01 1.000000e+00 1.000000e+00 1.000000e+00
1.000000e+00 1.845558e+00 1.556795e+00 5.000000e-01 1.322847e+00 7.774159e-01 1.000000e+00 1.000000e+00 1.000000e+00
1.000000e+00 1.769488e+00 5.860268e-01 5.000000e-01 3.783855e-01 2.485217e-01 1.000000e+00 1.000000e+00 1.000000e+00
1.000000e+00 6.132034e-01 1.879975e+00 5.000000e-01 1.482871e+00 5.452695e-01 1.000000e+00 1.000000e+00 1.000000e+00
1.000000e+00 1.655012e+00 1.710045e+00 5.000000e-01 1.652409e-01 1.669708e-01 1.000000e+00 1.000000e+00 1.000000e+00
1.000000e+00 1.155981e+00 1.917672e+00 5.000000e-01 6.786372e-01 1.411270e+00 1.000000e+00 1.000000e+00 1.000000e+00
1.000000e+00 1.328496e+00 1.884669e+00 5.000000e-01 1.078837e+00 5.878911e-01 1.000000e+00 1.000000e+00 1.000000e+00
1.000000e+00 1.436476e+00 1.094489e+00 5.000000e-01 9.710862e-01 1.316799e-01 1.000000e+00 1.000000e+00 1.000000e+00
1.000000e+00 8.477183e-01 1.222214e+00 5.000000e-01 1.195576e+00 1.405273e+00 1.000000e+00 1.000000e+00 1.000000e+00
1.000000e+00 1.501782e+00 7.811092e-01 5.000000e-01 6.286499e-01 6.257087e-02 1.000000e+00 1.000000e+00 1.000000e+00
1.000000e+00 1.729161e+00 1.528314e+00 5.000000e-01 3.862860e-01 8.259765e-01 1.000000e+00 1.000000e+00 1.000000e+00
1.000000e+00 6.026858e-01 9.656624e-01 5.000000e-01 6.835201e-01 3.461974e-01 1.000000e+00 1.000000e+00 1.000000e+00
1.000000e+00 1.266408e+00 1.136203e+00 5.000000e-01 1.010760e+00 1.290516e+00 1.000000e+00 1.000000e+00 1.000000e+00
1.000000e+00 7.290386e-01 1.518181e+00 5.000000e-01 3.416164e-01 8.988301e-02 1.000000e+00 1.000000e+00 1.000000e+00
1.000000e+00 1.595353e+00 1.280352e+00 5.000000e-01 1.034934e+00 6.551808e-01 1.000000e+00 1.000000e+00 1.000000e+00
1.000000e+00 1.346710e+00 9.568303e-01 5.000000e-01 2.393630e-01 6.337879e-01 1.000000e+00 1.000000e+00 1.000000e+00
1.000000e+00 1.247174e+00 1.340051e+00 5.000000e-01 1.183247e+00 1.113883e+00 1.000000e+00 1.000000e+00 1.000000e+00
1.000000e+00 1.423917e+00 1.248207e+00 5.000000e-01 7.455404e-01 2.655888e-01 1.000000e+00 1.000000e+00 1.000000e+00
1.000000e+00 1.676709e+00 1.488082e+00 5.000000e-01 1.328970e+00 8.397711e-01 1.000000e+00 1.000000e+00 1.000000e+00
1.000000e+00 1.326161e+00 1.946979e+00 5.000000e-01 8.303913e-01 6.682016e-01 1.000000e+00 1.000000e+00 1.000000e+00
1.000000e+00 5.787398e-01 9.901567e-01 5.000000e-01 1.310052e+00 2.908303e-01 1.000000e+00 1.000000e+00 1.000000e+00
1.000000e+00 1.905954e+00 9.861207e-01 5.000000e-01 1.389971e+00 6.956820e-01 1.000000e+00 1.000000e+00 1.000000e+00
1.000000e+00 9.396876e-01 1.314305e+00 5.000000e-01 1.955680e-01 2.137670e-01 1.000000e+00 1.000000e+00 1.000000e+00
1.000000e+00 9.282970e-01 1.932961e+00 5.000000e-01 7.108305e-01 1.042467e+00 1.000000e+00 1.000000e+00 1.000000e+00
1.000000e+00 1.838034e+00 1.232973e+00 5.000000e-01 1.482596e+00 1.219780e+00 1.000000e+00 1.000000e+00 1.000000e+00
1.000000e+00 1.475614e+00 7.687000e-01 5.000000e-01 1.241443e+00 1.150387e+00 1.000000e+00 1.000000e+00 1.000000e+00
1.000000e+00 1.947796e+00 1.381406e+00 5.000000e-01 3.462770e-01 1.483349e+00 1.000000e+00 1.000000e+00 1.000000e+00
1.000000e+00 9.517297e-01 1.512575e+00 5.000000e-01 7.553128e-02 7.392954e-02 1.000000e+00 1.000000e+00 1.000000e+00
1.000000e+00 1.024473e+00 1.009781e+00 5.000000e-01 8.114877e-01 1.285344e-01 1.000000e+00 1.000000e+00 1.000000e+00
1.000000e+00 1.553242e+00 9.163122e-01 5.000000e-01 1.349185e+00 1.462558e-01 1.000000e+00 1.000000e+00 1.000000e+00
1.000000e+00 1.875113e+00 9.456721e-01 5.000000e-01 6.540191e-01 1.340525e+00 1.000000e+00 1.000000e+00 1.000000e+00
1.000000e+00 1.011211e+00 1.979251e+00 5.000000e-01 2.295131e-01 1.460472e+00 1.000000e+00 1.000000e+00 1.000000e+00
1.000000e+00 1.449539e+00 1.410406e+00 5.000000e-01 3.110468e-01 1.152482e+00 1.000000e+00 1.000000e+00 1.000000e+00
1.000000e+00 1.281054e+00 5.721034e-01 5.000000e-01 7.959437e-01 1.703577e-01 1.000000e+00 1.000000e+00 1.000000e+00
1.000000e+00 7.062040e-01 7.338670e-01 5.000000e-01 1.163323e+00 1.389633e+00 1.000000e+00 1.000000e+00 1.000000e+00
1.000000e+00 6.563129e-01 1.091138e+00 5.000000e-01 7.822787e-01 1.350585e+00 1.000000e+00 1.000000e+00 1.000000e+00
1.000000e+00 1.820182e+00 1.721624e+00 5.000000e-01 9.554044e-01 6.862701e-01 1.000000e+00 1.000000e+00 1.000000e+00
1.000000e+00 1.388940e+00 1.367549e+00 5.000000e-01 9.394298e-01 5.195353e-01 1.000000e+00 1.000000e+00 1.000000e+00
1.000000e+00 7.762681e-01 5.415838e-01 5.000000e-01 5.033233e-01 5.163633e-02 1.000000e+00 1.000000e+00 1.000000e+00
1.000000e+00 9.121772e-01 1.510723e+00 5.000000e-01 1.208809e+00 3.677116e-01 1.000000e+00 1.000000e+00 1.000000e+00
1.000000e+00 8.407353e-01 1.213178e+00 5.000000e-01 5.761054e-01 1.436953e+00 1.000000e+00 1.000000e+00 1.000000e+00
1.000000e+00 1.136253e+00 6.885603e-01 5.000000e-01 8.622333e-01 1.372012e+00 1.000000e+00 1.000000e+00 1.000000e+00
1.000000e+00 1.473379e+00 1.649781e+00 5.000000e-01 1.418985e+00 5.139884e-01 1.000000e+00 1.000000e+00 1.000000e+00
1.000000e+00 6.966660e-01 1.279686e+00 5.000000e-01 1.305449e+00 1.102927e+00 1.000000e+00 1.000000e+00 1.000000e+00
1.000000e+00 1.227694e+00 1.892303e+00 5.000000e-01 5.339189e-01 3.032795e-01 1.000000e+00 1.000000e+00 1.000000e+00
1.000000e+00 1.439091e+00 1.889928e+00 5.000000e-01 1.495528e+00 5.657680e-01 1.000000e+00 1.000000e+00 1.000000e+00
1.000000e+00 1.528320e+00 1.156578e+00 5.000000e-01 3.609966e-01 6.769032e-01 1.000000e+00 1.000000e+00 1.000000e+00
1.000000e+00 1.090166e+00 1.165073e+00 5.000000e-01 1.230686e+00 1.441226e+00 1.000000e+00 1.000000e+00 1.000000e+00
1.000000e+00 1.604891e+00 1.630800e+00 5.000000e-01 7.139770e-01 6.080404e-02 1.000000e+00 1.000000e+00 1.000000e+00
1.000000e+00 9.724140e-01 7.605461e-01 5.000000e-01 1.443567e+00 9.073547e-01 1.000000e+00 1.000000e+00 1.000000e+00
1.000000e+00 1.546218e+00 1.523633e+00 5.000000e-01 2.472224e-01 4.482716e-01 1.000000e+00 1.000000e+00 1.000000e+00
1.000000e+00 7.215022e-01 5.972554e-01 5.000000e-01 9.102143e-01 1.168399e+00 1.000000e+00 1.000000e+00 1.000000e+00
1.000000e+00 1.235743e+00 1.813967e+00 5.000000e-01 7.713969e-01 1.420612e+00 1.000000e+00 1.000000e+00 1.000000e+00
1.000000e+00 1.516312e+00 5.651090e-01 5.000000e-01 8.338815e-01 1.232404e+00 1.000000e+00 1.000000e+00 1.000000e+00
1.000000e+00 1.650273e+00 1.081382e+00 5.000000e-01 1.543419e-01 2.831620e-01 1.000000e+00 1.000000e+00 1.000000e+00
1.000000e+00 1.579859e+00 1.223249e+00 5.000000e-01 1.140571e+00 7.884364e-01 1.000000e+00 1.000000e+00 1.000000e+00
1.000000e+00 1.972635e+00 1.189861e+00 5.000000e-01 2.069240e-01 7.199513e-01 1.000000e+00 1.000000e+00 1.000000e+00
1.000000e+00 1.269074e+00 1.005651e+00 5.000000e-01 8.550511e-01 6.185965e-01 1.000000e+00 1.000000e+00 1.000000e+00
1.000000e+00 5.910795e-01 1.130461e+00 5.000000e-01 6.052412e-01 7.900669e-01 1.000000e+00 1.000000e+00 1.000000e+00
1.000000e+00 1.530458e+00 1.491721e+00 5.000000e-01 2.250718e-01 4.997070e-01 1.000000e+00 1.000000e+00 1.000000e+00
1.000000e+00 6.558819e-01 1.987746e+00 5.000000e-01 8.785195e-01 7.966875e-01 1.000000e+00 1.000000e+00 1.000000e+00
1.000000e+00 1.808432e+00 1.209633e+00 5.000000e-01 6.429384e-02 1.651584e-01 1.000000e+00 1.000000e+00 1.000000e+00
1.000000e+00 1.746647e+00 1.420979e+00 5.000000e-01 1.070395e+00 6.743227e-02 1.000000e+00 1.000000e+00 1.000000e+00
1.000000e+00 8.319431e-01 6.077826e-01 5.000000e-01 1.014907e+00 8.926422e-01 1.000000e+00 1.000000e+00 1.000000e+00
1.000000e+00 1.726160e+00 1.956492e+00 5.000000e-01 2.045391e-01 4.264146e-01 1.000000e+00 1.000000e+00 1.000000e+00
1.000000e+00 1.763201e+00 1.714901e+00 5.000000e-01 5.061804e-01 1.330315e+00 1.000000e+00 1.000000e+00 1.000000e+00
1.000000e+00 6.367979e-01 7.633020e-01 5.000000e-01 5.783166e-01 7.132622e-01 1.000000e+00 1.000000e+00 1.000000e+00
1.000000e+00 1.224351e+00 5.667643e-01 5.000000e-01 4.933395e-01 1.418381e+00 1.000000e+00 1.000000e+00 1.000000e+00
1.000000e+00 1.923018e+00 7.132955e-01 5.000000e-01 9.683628e-01 6.892047e-01 1.000000e+00 1.000000e+00 1.000000e+00
1.000000e+00 1.273912e+00 1.481082e+00 5.000000e-01 1.333470e+00 1.453801e+00 1.000000e+00 1.000000e+00 1.000000e+00
1.000000e+00 1.412318e+00 1.845564e+00 5.000000e-01 2.300035e-01 6.712230e-01 1.000000e+00 1.000000e+00 1.000000e+00
1.000000e+00 1.849126e+00 5.142649e-01 5.000000e-01 1.470561e+00 1.105679e+00 1.000000e+00 1.000000e+00 1.000000e+00
1.000000e+00 8.546131e-01 1.991392e+00 5.000000e-01 1.055201e-01 2.073754e-01 1.000000e+00 1.000000e+00 1.000000e+00
1.000000e+00 1.951844e+00 8.396058e-01 5.000000e-01 8.982777e-01 1.348737e+00 1.000000e+00 1.000000e+00 1.000000e+00
1.000000e+00 1.716501e+00 1.327921e+00 5.000000e-01 1.180813e+00 1.426430e+00 1.000000e+00 1.000000e+00 1.000000e+00
1.000000e+00 1.755360e+00 1.666421e+00 5.000000e-01 9.819366e-01 4.988487e-01 1.000000e+00 1.000000e+00 1.000000e+00
1.000000e+00 1.241746e+00 7.259698e-01 5.000000e-01 2.514272e-01 5.627094e-01 1.000000e+00 1.000000e+00 1.000000e+00
1.000000e+00 1.719601e+00 9.978280e-01 5.000000e-01 1.450540e+00 1.098820e+00 1.000000e+00 1.000000e+00 1.000000e+00
1.000000e+00 5.865930e-01 1.257432e+00 5.000000e-01 1.384862e+00 1.254375e+00 1.000000e+00 1.000000e+00 1.000000e+00
1.000000e+00 1.376216e+00 7.947618e-01 5.000000e-01 6.893116e-01 6.224825e-01 1.000000e+00 1.000000e+00 1.000000e+00
1.000000e+00 1.365975e+00 9.270350e-01 5.000000e-01 1.236057e-01 1.353015e+00 1.000000e+00 1.000000e+00 1.000000e+00
1.000000e+00 1.133440e+00 9.208165e-01 5.000000e-01 1.874808e-01 5.058633e-01 1.000000e+00 1.000000e+00 1.000000e+00
1.000000e+00 5.636752e-01 1.051085e+00 5.000000e-01 1.353505e-01 1.209150e+00 1.000000e+00 1.000000e+00 1.000000e+00
1.000000e+00 1.009562e+00 9.331216e-01 5.000000e-01 9.286737e-01 1.982648e-01 1.000000e+00 1.000000e+00 1.000000e+00
1.000000e+00 1.736217e+00 6.427334e-01 5.000000e-01 1.132357e-01 1.206321e+00 1.000000e+00 1.000000e+00 1.000000e+00
1.000000e+00 1.498195e+00 1.104861e+00 5.000000e-01 2.096183e-01 2.229431e-01 1.000000e+00 1.000000e+00 1.000000e+00
1.000000e+00 1.796174e+00 1.983514e+00 5.000000e-01 4.142666e-01 1.496764e+00 1.000000e+00 1.000000e+00 1.000000e+00
1.000000e+00 1.830529e+00 1.659358e+00 5.000000e-01 1.311534e+00 9.820236e-01 1.000000e+00 1.000000e+00 1.000000e+00
1.000000e+00 5.558705e-01 1.752057e+00 5.000000e-01 9.318271e-01 1.479267e+00 1.000000e+00 1.000000e+00 1.000000e+00
1.000000e+00 8.484410e-01 1.853701e+00 5.000000e-01 6.577912e-01 6.497272e-01 1.000000e+00 1.000000e+00 1.000000e+00
1.000000e+00 5.264063e-01 1.835283e+00 5.000000e-01 7.651997e-01 1.173733e+00 1.000000e+00 1.000000e+00 1.000000e+00
1.000000e+00 1.358663e+00 7.990977e-01 5.000000e-01 1.056795e+00 1.191680e+00 1.000000e+00 1.000000e+00 1.000000e+00
1.000000e+00 9.094270e-01 6.800477e-01 5.000000e-01 5.934694e-01 7.325804e-01 1.000000e+00 1.000000e+00 1.000000e+00
1.000000e+00 1.505721e+00 7.302003e-01 5.000000e-01 8.224455e-01 6.358791e-01 1.000000e+00 1.000000e+00 1.000000e+00
1.000000e+00 1.357291e+00 1.063262e+00 5.000000e-01 1.261341e+00 1.017397e+00 1.000000e+00 1.000000e+00 1.000000e+00
1.000000e+00 5.997534e-01 1.573418e+00 5.000000e-01 9.154176e-01 1.170279e+00 1.000000e+00 1.000000e+00 1.000000e+00
1.000000e+00 8.907865e-01 1.869925e+00 5.000000e-01 1.042915e+00 5.829280e-01 1.000000e+00 1.000000e+00 1.000000e+00
1.000000e+00 1.865037e+00 1.045857e+00 5.000000e-01 1.267494e+00 1.027325e+00 1.000000e+00 1.000000e+00 1.000000e+00
1.000000e+00 1.111700e+00 1.959147e+00 5.000000e-01 3.564387e-01 4.331305e-01 1.000000e+00 1.000000e+00 1.000000e+00
1.000000e+00 1.286101e+00 1.401376e+00 5.000000e-01 8.507212e-01 9.294888e-01 1.000000e+00 1.000000e+00 1.000000e+00
1.000000e+00 1.811944e+00 1.076867e+00 5.000000e-01 7.939657e-01 8.951266e-01 1.000000e+00 1.000000e+00 1.000000e+00
1.000000e+00 1.539941e+00 8.330307e-01 5.000000e-01 3.580515e-01 5.596467e-01 1.000000e+00 1.000000e+00 1.000000e+00
1.000000e+00 8.039963e-01 6.363135e-01 5.000000e-01 5.437827e-01 1.096637e+00 1.000000e+00 1.000000e+00 1.000000e+00
1.000000e+00 8.827916e-01 1.452497e+00 5.000000e-01 1.075477e+00 1.225815e+00 1.000000e+00 1.000000e+00 1.000000e+00
1.000000e+00 1.899094e+00 1.356392e+00 5.000000e-01 9.312090e-01 7.251865e-01 1.000000e+00 1.000000e+00 1.000000e+00
1.000000e+00 1.750640e+00 7.101090e-01 5.000000e-01 2.453406e-01 1.505034e-01 1.000000e+00 1.000000e+00 1.000000e+00
1.000000e+00 1.685477e+00 1.733480e+00 5.000000e-01 1.017213e+00 1.285780e+00 1.000000e+00 1.000000e+00 1.000000e+00
1.000000e+00 1.070055e+00 1.856819e+00 5.000000e-01 3.808265e-01 8.073066e-01 1.000000e+00 1.000000e+00 1.000000e+00
1.000000e+00 1.610299e+00 5.282282e-01 5.000000e-01 7.047450e-01 4.597142e-01 1.000000e+00 1.000000e+00 1.000000e+00
1.000000e+00 7.265720e-01 1.262616e+00 5.000000e-01 1.280103e+00 1.279974e-01 1.000000e+00 1.000000e+00 1.000000e+00
1.000000e+00 1.341777e+00 1.701092e+00 5.000000e-01 1.990557e-01 1.372415e+00 1.000000e+00 1.000000e+00 1.000000e+00
1.000000e+00 1.279502e+00 1.697862e+00 5.000000e-01 1.283296e+00 1.259307e+00 1.000000e+00 1.000000e+00 1.000000e+00
1.000000e+00 1.492864e+00 1.784325e+00 5.000000e-01 6.518062e-01 1.305276e+00 1.000000e+00 1.000000e+00 1.000000e+00
1.000000e+00 1.932204e+00 5.386289e-01 5.000000e-01 8.947688e-01 1.365900e+00 1.000000e+00 1.000000e+00 1.000000e+00
1.000000e+00 1.345471e+00 1.965824e+00 5.000000e-01 6.255581e-01 7.049612e-01 1.000000e+00 1.000000e+00 1.000000e+00
1.000000e+00 1.218216e+00 1.507950e+00 5.000000e-01 2.977789e-01 1.214937e+00 1.000000e+00 1.000000e+00 1.000000e+00
1.000000e+00 5.311120e-01 6.458101e-01 5.000000e-01 1.400278e+00 4.177388e-01 1.000000e+00 1.000000e+00 1.000000e+00
1.000000e+00 1.766398e+00 7.568455e-01 5.000000e-01 1.452698e+00 8.564785e-01 1.000000e+00 1.000000e+00 1.000000e+00
1.000000e+00 1.627606e+00 8.910917e-01 5.000000e-01 7.997416e-01 1.092777e+00 1.000000e+00 1.000000e+00 1.000000e+00
1.000000e+00 1.536008e+00 1.615415e+00 5.000000e-01 1.139654e+00 2.192316e-01 1.000000e+00 1.000000e+00 1.000000e+00
1.000000e+00 9.069401e-01 5.313877e-01 5.000000e-01 1.189403e+00 8.490522e-01 1.000000e+00 1.000000e+00 1.000000e+00
1.000000e+00 8.735515e-01 1.465470e+00 5.000000e-01 1.170728e+00 1.132610e+00 1.000000e+00 1.000000e+00 1.000000e+00
1.000000e+00 1.792991e+00 5.884016e-01 5.000000e-01 1.386995e+00 4.885288e-01 1.000000e+00 1.000000e+00 1.000000e+00
1.000000e+00 6.417669e-01 1.882217e+00 5.000000e-01 4.785240e-01 1.312031e+00 1.000000e+00 1.000000e+00 1.000000e+00
1.000000e+00 6.066545e-01 9.189875e-01 5.000000e-01 5.530311e-01 1.146523e+00 1.000000e+00 1.000000e+00 1.000000e+00
1.000000e+00 1.408369e+00 6.541899e-01 5.000000e-01 1.435569e+00 3.729996e-01 1.000000e+00 1.000000e+00 1.000000e+00
1.000000e+00 1.697573e+00 1.766273e+00 5.000000e-01 5.918753e-01 1.424107e+00 1.000000e+00 1.000000e+00 1.000000e+00
1.000000e+00 1.585470e+00 9.536981e-01 5.000000e-01 4.939229e-01 1.211669e+00 1.000000e+00 1.000000e+00 1.000000e+00
1.000000e+00 1.908675e+00 1.824322e+00 5.000000e-01 9.008546e-01 9.324641e-01 1.000000e+00 1.000000e+00 1.000000e+00
1.000000e+00 1.391311e+00 1.953425e+00 5.000000e-01 4.030477e-01 6.674301e-01 1.000000e+00 1.000000e+00 1.000000e+00
1.000000e+00 6.949042e-01 8.366448e-01 5.000000e-01 1.109810e+00 8.659621e-01 1.000000e+00 1.000000e+00 1.000000e+00
1.000000e+00 1.710236e+00 1.529783e+00 5.000000e-01 2.659089e-01 6.631957e-01 1.000000e+00 1.000000e+00 1.000000e+00
1.000000e+00 1.455426e+00 1.859972e+00 5.000000e-01 4.196878e-01 1.392782e-01 1.000000e+00 1.000000e+00 1.000000e+00
1.000000e+00 1.861353e+00 7.236430e-01 5.000000e-01 1.108665e-01 1.874963e-01 1.000000e+00 1.000000e+00 1.000000e+00
1.000000e+00 1.435894e+00 7.042682e-01 5.000000e-01 1.471696e+00 8.263914e-02 1.000000e+00 1.000000e+00 1.000000e+00
1.000000e+00 1.607737e+00 1.587221e+00 5.000000e-01 1.294573e+00 1.283666e+00 1.000000e+00 1.000000e+00 1.000000e+00
1.000000e+00 1.757408e+00 1.594046e+00 5.000000e-01 1.191925e+00 1.307291e+00 1.000000e+00 1.000000e+00 1.000000e+00
1.000000e+00 7.842342e-01 1.729509e+00 5.000000e-01 1.299434e+00 6.036504e-01 1.000000e+00 1.000000e+00 1.000000e+00
1.000000e+00 1.960031e+00 1.971548e+00 5.000000e-01 2.212323e-01 6.988938e-01 1.000000e+00 1.000000e+00 1.000000e+00
1.000000e+00 1.332340e+00 1.246850e+00 5.000000e-01 3.098786e-01 9.950990e-01 1.000000e+00 1.000000e+00 1.000000e+00
1.000000e+00 5.769428e-01 1.876207e+00 5.000000e-01 5.164862e-01 1.382579e+00 1.000000e+00 1.000000e+00 1.000000e+00
1.000000e+00 8.178324e-01 1.537370e+00 5.000000e-01 1.226583e+00 9.039734e-01 1.000000e+00 1.000000e+00 1.000000e+00
1.000000e+00 1.552526e+00 5.334054e-01 5.000000e-01 3.375273e-01 9.646841e-01 1.000000e+00 1.000000e+00 1.000000e+00
1.000000e+00 1.179705e+00 1.110516e+00 5.000000e-01 5.231871e-01 8.798876e-01 1.000000e+00 1.000000e+00 1.000000e+00
1.000000e+00 1.573726e+00 9.411065e-01 5.000000e-01 1.234493e+00 1.131182e+00 1.000000e+00 1.000000e+00 1.000000e+00
1.000000e+00 9.887387e-01 8.500058e-01 5.000000e-01 9.123827e-01 2.764814e-01 1.000000e+00 1.000000e+00 1.000000e+00
1.000000e+00 1.114313e+00 1.997975e+00 5.000000e-01 7.948787e-02 1.523404e-01 1.000000e+00 1.000000e+00 1.000000e+00
1.000000e+00 1.937356e+00 9.376394e-01 5.000000e-01 1.112905e+00 1.088847e+00 1.000000e+00 1.000000e+00 1.000000e+00
1.000000e+00 7.806851e-01 5.903924e-01 5.000000e-01 1.358450e+00 2.343372e-01 1.000000e+00 1.000000e+00 1.000000e+00
1.000000e+00 1.005822e+00 1.274223e+00 5.000000e-01 8.419226e-01 7.071507e-01 1.000000e+00 1.000000e+00 1.000000e+00
1.000000e+00 1.141638e+00 1.293186e+00 5.000000e-01 2.544217e-01 1.323883e+00 1.000000e+00 1.000000e+00 1.000000e+00
1.000000e+00 1.416549e+00 1.817475e+00 5.000000e-01 9.546245e-01 6.102186e-01 1.000000e+00 1.000000e+00 1.000000e+00
1.000000e+00 1.695838e+00 1.830650e+00 5.000000e-01 1.340944e+00 2.246837e-01 1.000000e+00 1.000000e+00 1.000000e+00
1.000000e+00 1.894145e+00 1.962301e+00 5.000000e-01 2.709765e-01 4.395675e-01 1.000000e+00 1.000000e+00 1.000000e+00
1.000000e+00 1.124252e+00 8.870700e-01 5.000000e-01 4.835814e-01 1.234329e+00 1.000000e+00 1.000000e+00 1.000000e+00
1.000000e+00 9.801690e-01 7.647303e-01 5.000000e-01 1.415750e+00 1.360180e+00 1.000000e+00 1.000000e+00 1.000000e+00
1.000000e+00 6.230912e-01 1.919459e+00 5.000000e-01 1.466509e+00 1.409828e+00 1.000000e+00 1.000000e+00 1.000000e+00
1.000000e+00 8.423205e-01 1.496536e+00 5.000000e-01 1.036611e+00 2.519966e-01 1.000000e+00 1.000000e+00 1.000000e+00
1.000000e+00 1.700766e+00 1.540959e+00 5.000000e-01 1.052167e+00 5.837603e-01 1.000000e+00 1.000000e+00 1.000000e+00
1.000000e+00 5.391452e-01 5.587408e-01 5.000000e-01 1.242836e+00 8.140445e-01 1.000000e+00 1.000000e+00 1.000000e+00
1.000000e+00 1.443789e+00 7.393359e-01 5.000000e-01 6.483300e-02 4.080598e-01 1.000000e+00 1.000000e+00 1.000000e+00
1.000000e+00 1.386717e+00 6.601560e-01 5.000000e-01 9.885236e-01 1.377887e+00 1.000000e+00 1.000000e+00 1.000000e+00
1.000000e+00 1.815366e+00 1.949543e+00 5.000000e-01 8.139599e-01 1.010831e+00 1.000000e+00 1.000000e+00 1.000000e+00
1.000000e+00 1.319027e+00 1.239007e+00 5.000000e-01 8.386719e-01 5.914842e-01 1.000000e+00 1.000000e+00 1.000000e+00
1.000000e+00 1.986558e+00 5.530875e-01 5.000000e-01 5.412139e-01 4.060878e-01 1.000000e+00 1.000000e+00 1.000000e+00
1.000000e+00 1.451379e+00 1.398238e+00 5.000000e-01 1.477243e+00 5.212853e-01 1.000000e+00 1.000000e+00 1.000000e+00
1.000000e+00 6.290153e-01 6.740306e-01 5.000000e-01 1.289238e+00 1.442264e-01 1.000000e+00 1.000000e+00 1.000000e+00
1.000000e+00 7.723887e-01 5.496665e-01 5.000000e-01 1.031588e+00 9.986477e-01 1.000000e+00 1.000000e+00 1.000000e+00
1.000000e+00 1.930732e+00 1.776535e+00 5.000000e-01 8.802401e-01 4.213788e-01 1.000000e+00 1.000000e+00 1.000000e+00
1.000000e+00 1.982217e+00 1.864044e+00 5.000000e-01 9.357285e-01 8.619191e-01 1.000000e+00 1.000000e+00 1.000000e+00
1.000000e+00 8.349770e-01 6.950838e-01 5.000000e-01 8.205471e-01 2.169344e-01 1.000000e+00 1.000000e+00 1.000000e+00
1.000000e+00 1.616160e+00 8.206660e-01 5.000000e-01 1.247018e+00 9.526745e-01 1.000000e+00 1.000000e+00 1.000000e+00
1.000000e+00 1.383747e+00 8.013853e-01 5.000000e-01 1.822150e-01 1.447230e+00 1.000000e+00 1.000000e+00 1.000000e+00
1.000000e+00 1.311872e+00 1.803083e+00 5.000000e-01 1.760977e-01 7.983586e-01 1.000000e+00 1.000000e+00 1.000000e+00
1.000000e+00 1.119760e+00 5.158670e-01 5.000000e-01 1.062432e+00 1.183736e+00 1.000000e+00 1.000000e+00 1.000000e+00
1.000000e+00 1.171971e+00 1.312549e+00 5.000000e-01 4.579375e-01 1.954931e-01 1.000000e+00 1.000000e+00 1.000000e+00
1.000000e+00 1.077841e+00 1.691795e+00 5.000000e-01 5.668715e-01 1.009858e+00 1.000000e+00 1.000000e+00 1.000000e+00
1.000000e+00 7.014984e-01 9.389002e-01 5.000000e-01 3.508431e-01 7.555525e-01 1.000000e+00 1.000000e+00 1.000000e+00
1.000000e+00 7.427984e-01 1.480672e+00 5.000000e-01 6.965679e-01 8.124347e-01 1.000000e+00 1.000000e+00 1.000000e+00
1.000000e+00 6.778970e-01 8.704094e-01 5.000000e-01 5.537799e-02 3.923213e-01 1.000000e+00 1.000000e+00 1.000000e+00
1.000000e+00 1.509618e+00 1.376145e+00 5.000000e-01 7.351983e-01 1.222022e+00 1.000000e+00 1.000000e+00 1.000000e+00
1.000000e+00 1.680298e+00 1.271365e+00 5.000000e-01 6.110436e-01 9.375107e-01 1.000000e+00 1.000000e+00 1.000000e+00
1.000000e+00 1.039420e+00 1.903261e+00 5.000000e-01 1.353390e+00 4.307312e-01 1.000000e+00 1.000000e+00 1.000000e+00
1.000000e+00 7.642520e-01 1.028977e+00 5.000000e-01 1.682318e-01 7.481880e-01 1.000000e+00 1.000000e+00 1.000000e+00
1.000000e+00 1.788103e+00 1.229914e+00 5.000000e-01 5.123114e-01 8.508486e-01 1.000000e+00 1.000000e+00 1.000000e+00
1.000000e+00 1.002328e+00 1.370886e+00 5.000000e-01 5.295219e-01 8.826837e-01 1.000000e+00 1.000000e+00 1.000000e+00
1.000000e+00 1.890792e+00 1.267918e+00 5.000000e-01 4.258042e-01 7.654640e-01 1.000000e+00 1.000000e+00 1.000000e+00
1.000000e+00 1.144724e+00 1.686457e+00 5.000000e-01 1.292853e+00 4.460263e-01 1.000000e+00 1.000000e+00 1.000000e+00
1.000000e+00 1.301904e+00 1.789688e+00 5.000000e-01 8.724693e-02 6.562701e-01 1.000000e+00 1.000000e+00 1.000000e+00
1.000000e+00 1.647037e+00 5.233836e-01 5.000000e-01 7.196884e-01 1.321026e+00 1.000000e+00 1.000000e+00 1.000000e+00
1.000000e+00 1.525016e+00 7.003632e-01 5.000000e-01 7.278831e-02 1.357191e+00 1.000000e+00 1.000000e+00 1.000000e+00
1.000000e+00 9.596269e-01 1.129331e+00 5.000000e-01 4.095715e-01 7.098873e-01 1.000000e+00 1.000000e+00 1.000000e+00
1.000000e+00 1.059530e+00 1.655918e+00 5.000000e-01 1.705681e-01 8.647362e-01 1.000000e+00 1.000000e+00 1.000000e+00
1.000000e+00 5.969592e-01 1.582473e+00 5.000000e-01 1.457699e+00 1.296338e+00 1.000000e+00 1.000000e+00 1.000000e+00
1.000000e+00 6.608713e-01 8.074734e-01 5.000000e-01 5.566519e-01 8.351477e-01 1.000000e+00 1.000000e+00 1.000000e+00
1.000000e+00 1.233742e+00 1.568523e+00 5.000000e-01 1.145819e+00 1.061550e+00 1.000000e+00 1.000000e+00 1.000000e+00
1.000000e+00 6.190577e-01 1.742758e+00 5.000000e-01 8.727677e-01 6.157464e-01 1.000000e+00 1.000000e+00 1.000000e+00
1.000000e+00 5.072891e-01 5.795881e-01 5.000000e-01 2.633755e-01 1.086321e+00 1.000000e+00 1.000000e+00 1.000000e+00
1.000000e+00 1.682701e+00 1.383445e+00 5.000000e-01 4.274717e-01 3.510560e-01 1.000000e+00 1.000000e+00 1.000000e+00
1.000000e+00 1.466044e+00 1.120960e+00 5.000000e-01 4.319998e-01 6.424629e-01 1.000000e+00 1.000000e+00 1.000000e+00
1.000000e+00 1.353805e+00 1.167858e+00 5.000000e-01 3.165363e-01 7.356946e-01 1.000000e+00 1.000000e+00 1.000000e+00
1.000000e+00 9.986744e-01 9.518648e-01 5.000000e-01 8.401341e-01 1.472805e+00 1.000000e+00 1.000000e+00 1.000000e+00
1.000000e+00 1.598014e+00 1.562157e+00 5.000000e-01 1.148719e+00 1.227726e+00 1.000000e+00 1.000000e+00 1.000000e+00
1.000000e+00 1.152125e+00 1.814203e+00 5.000000e-01 1.379921e+00 1.046724e+00 1.000000e+00 1.000000e+00 1.000000e+00
1.000000e+00 1.997822e+00 1.502907e+00 5.000000e-01 9.613699e-01 1.292346e+00 1.000000e+00 1.000000e+00 1.000000e+00
1.000000e+00 1.558048e+00 8.583435e-01 5.000000e-01 1.160643e+00 6.064452e-01 1.000000e+00 1.000000e+00 1.000000e+00
1.000000e+00 5.608934e-01 6.017876e-01 5.000000e-01 3.885573e-01 1.819170e-01 1.000000e+00 1.000000e+00 1.000000e+00
1.000000e+00 1.158103e+00 1.013156e+00 5.000000e-01 6.357406e-01 1.134690e+00 1.000000e+00 1.000000e+00 1.000000e+00
1.000000e+00 7.151717e-01 1.606170e+00 5.000000e-01 5.215692e-01 4.871802e-01 1.000000e+00 1.000000e+00 1.000000e+00
1.000000e+00 1.297022e+00 1.821864e+00 5.000000e-01 1.087455e+00 7.799089e-01 1.000000e+00 1.000000e+00 1.000000e+00
1.000000e+00 1.214482e+00 1.097732e+00 5.000000e-01 3.523957e-01 1.259154e+00 1.000000e+00 1.000000e+00 1.000000e+00
1.000000e+00 1.569760e+00 1.468752e+00 5.000000e-01 6.982334e-01 7.309537e-01 1.000000e+00 1.000000e+00 1.000000e+00
1.000000e+00 1.318799e+00 5.461426e-01 5.000000e-01 1.584147e-01 1.301543e+00 1.000000e+00 1.000000e+00 1.000000e+00
1.000000e+00 8.267281e-01 1.201508e+00 5.000000e-01 6.609889e-01 6.003676e-01 1.000000e+00 1.000000e+00 1.000000e+00
1.000000e+00 1.183548e+00 1.559821e+00 5.000000e-01 1.003933e+00 9.205658e-01 1.000000e+00 1.000000e+00 1.000000e+00
1.000000e+00 1.304846e+00 1.755700e+00 5.000000e-01 1.154180e-01 9.632313e-01 1.000000e+00 1.000000e+00 1.000000e+00
1.000000e+00 9.768788e-01 7.933324e-01 5.000000e-01 6.445194e-01 1.856195e-01 1.000000e+00 1.000000e+00 1.000000e+00
1.000000e+00 1.160599e+00 1.462591e+00 5.000000e-01 1.425516e+00 1.121534e+00 1.000000e+00 1.000000e+00 1.000000e+00
1.000000e+00 1.149206e+00 1.074074e+00 5.000000e-01 1.397164e+00 1.081183e-01 1.000000e+00 1.000000e+00 1.000000e+00
1.000000e+00 1.799342e+00 1.625634e+00 5.000000e-01 1.392990e-01 1.138701e+00 1.000000e+00 1.000000e+00 1.000000e+00
1.000000e+00 1.041697e+00 9.639631e-01 5.000000e-01 1.046397e+00 1.148252e-01 1.000000e+00 1.000000e+00 1.000000e+00
1.000000e+00 1.108168e+00 1.887921e+00 5.000000e-01 5.580814e-01 1.075620e+00 1.000000e+00 1.000000e+00 1.000000e+00
1.000000e+00 1.981063e+00 1.358141e+00 5.000000e-01 3.765652e-01 7.169654e-01 1.000000e+00 1.000000e+00 1.000000e+00
1.000000e+00 1.601022e+00 1.308806e+00 5.000000e-01 1.743477e-01 3.844094e-01 1.000000e+00 1.000000e+00 1.000000e+00
1.000000e+00 1.549947e+00 8.238269e-01 5.000000e-01 5.387070e-01 7.023070e-01 1.000000e+00 1.000000e+00 1.000000e+00
1.000000e+00 1.961930e+00 1.748739e+00 5.000000e-01 6.759496e-01 7.624842e-01 1.000000e+00 1.000000e+00 1.000000e+00
1.000000e+00 1.675224e+00 7.838818e-01 5.000000e-01 6.634566e-01 9.146619e-01 1.000000e+00 1.000000e+00 1.000000e+00
1.000000e+00 1.165780e+00 1.897750e+00 5.000000e-01 6.417809e-01 1.264161e+00 1.000000e+00 1.000000e+00 1.000000e+00
1.000000e+00 1.447341e+00 1.176155e+00 5.000000e-01 5.835247e-01 3.532063e-01 1.000000e+00 1.000000e+00 1.000000e+00
1.000000e+00 1.992570e+00 1.024457e+00 5.000000e-01 4.474286e-01 9.719318e-02 1.000000e+00 1.000000e+00 1.000000e+00
1.000000e+00 1.704616e+00 1.495689e+00 5.000000e-01 5.003087e-01 1.442386e+00 1.000000e+00 1.000000e+00 1.000000e+00
1.000000e+00 1.205431e+00 1.421145e+00 5.000000e-01 1.165484e+00 1.497577e+00 1.000000e+00 1.000000e+00 1.000000e+00
1.000000e+00 1.065146e+00 5.758793e-01 5.000000e-01 1.168861e+00 1.772170e-01 1.000000e+00 1.000000e+00 1.000000e+00
1.000000e+00 1.015468e+00 1.790731e+00 5.000000e-01 1.364322e+00 5.762758e-01 1.000000e+00 1.000000e+00 1.000000e+00
1.000000e+00 6.640436e-01 8.987260e-01 5.000000e-01 1.195126e+00 1.249342e+00 1.000000e+00 1.000000e+00 1.000000e+00
1.000000e+00 1.722991e+00 6.158015e-01 5.000000e-01 1.419422e-01 1.217936e+00 1.000000e+00 1.000000e+00 1.000000e+00
1.000000e+00 1.213044e+00 6.203704e-01 5.000000e-01 2.010587e-01 9.990490e-02 1.000000e+00 1.000000e+00 1.000000e+00
1.000000e+00 7.590486e-01 1.647145e+00 5.000000e-01 6.138859e-01 3.436206e-01 1.000000e+00 1.000000e+00 1.000000e+00
1.000000e+00 1.534941e+00 8.098159e-01 5.000000e-01 1.859768e-01 9.686539e-01 1.000000e+00 1.000000e+00 1.000000e+00
1.000000e+00 1.563009e+00 7.039838e-01 5.000000e-01 1.214198e+00 2.045956e-01 1.000000e+00 1.000000e+00 1.000000e+00
1.000000e+00 6.655614e-01 1.393641e+00 5.000000e-01 1.134207e+00 5.333828e-02 1.000000e+00 1.000000e+00 1.000000e+00
1.000000e+00 1.504006e+00 1.546553e+00 5.000000e-01 1.492033e-01 7.831440e-01 1.000000e+00 1.000000e+00 1.000000e+00
1.000000e+00 6.685076e-01 1.469328e+00 5.000000e-01 9.979316e-01 4.017813e-01 1.000000e+00 1.000000e+00 1.000000e+00
1.000000e+00 1.660926e+00 5.611444e-01 5.000000e-01 1.220724e+00 4.911604e-01 1.000000e+00 1.000000e+00 1.000000e+00
1.000000e+00 1.056727e+00 1.215323e+00 5.000000e-01 1.167754e-01 4.201315e-01 1.000000e+00 1.000000e+00 1.000000e+00
1.000000e+00 1.094360e+00 1.295968e+00 5.000000e-01 5.984046e-01 1.004852e+00 1.000000e+00 1.000000e+00 1.000000e+00
1.000000e+00 1.238071e+00 1.828658e+00 5.000000e-01 1.136738e+00 3.607152e-01 1.000000e+00 1.000000e+00 1.000000e+00
1.000000e+00 1.371804e+00 1.584366e+00 5.000000e-01 1.041332e+00 6.249391e-01 1.000000e+00 1.000000e+00 1.000000e+00
1.000000e+00 1.298126e+00 1.021294e+00 5.000000e-01 9.065752e-01 4.549233e-01 1.000000e+00 1.000000e+00 1.000000e+00
1.000000e+00 9.921573e-01 1.107747e+00 5.000000e-01 9.758727e-01 1.057149e+00 1.000000e+00 1.000000e+00 1.000000e+00
1.000000e+00 1.593237e+00 1.026208e+00 5.000000e-01 1.091025e+00 2.445419e-01 1.000000e+00 1.000000e+00 1.000000e+00
1.000000e+00 1.857345e+00 1.847266e+00 5.000000e-01 7.484564e-01 1.083834e+00 1.000000e+00 1.000000e+00 1.000000e+00
1.000000e+00 1.462487e+00 6.405691e-01 5.000000e-01 1.369489e+00 1.117462e-01 1.000000e+00 1.000000e+00 1.000000e+00
1.000000e+00 1.121388e+00 8.554420e-01 5.000000e-01 1.462809e+00 7.377541e-01 1.000000e+00 1.000000e+00 1.000000e+00
1.000000e+00 1.201605e+00 1.973218e+00 5.000000e-01 1.324576e+00 2.312727e-01 1.000000e+00 1.000000e+00 1.000000e+00
1.000000e+00 6.722150e-01 1.047433e+00 5.000000e-01 1.334982e+00 1.031211e+00 1.000000e+00 1.000000e+00 1.000000e+00
1.000000e+00 1.624559e+00 1.283135e+00 5.000000e-01 1.130770e+00 6.142732e-01 1.000000e+00 1.000000e+00 1.000000e+00
1.000000e+00 8.634540e-01 6.029551e-01 5.000000e-01 7.587777e-01 5.509781e-01 1.000000e+00 1.000000e+00 1.000000e+00
1.000000e+00 1.952144e+00 7.216929e-01 5.000000e-01 6.476465e-01 7.415615e-01 1.000000e+00 1.000000e+00 1.000000e+00
1.000000e+00 1.053307e+00 6.480317e-01 5.000000e-01 6.797426e-01 2.612989e-01 1.000000e+00 1.000000e+00 1.000000e+00
1.000000e+00 1.781647e+00 1.241997e+00 5.000000e-01 6.133987e-02 4.822207e-01 1.000000e+00 1.000000e+00 1.000000e+00
1.000000e+00 1.086435e+00 1.145912e+00 5.000000e-01 3.077430e-01 2.696267e-01 1.000000e+00 1.000000e+00 1.000000e+00
1.000000e+00 1.645461e+00 1.113710e+00 5.000000e-01 9.865699e-01 2.880606e-01 1.000000e+00 1.000000e+00 1.000000e+00
1.000000e+00 5.836563e-01 1.662497e+00 5.000000e-01 7.254000e-01 8.159157e-01 1.000000e+00 1.000000e+00 1.000000e+00
1.000000e+00 1.712260e+00 1.968144e+00 5.000000e-01 9.737519e-01 1.246648e+00 1.000000e+00 1.000000e+00 1.000000e+00
1.000000e+00 7.557713e-01 1.621556e+00 5.000000e-01 8.054948e-01 3.134533e-01 1.000000e+00 1.000000e+00 1.000000e+00
1.000000e+00 1.664915e+00 9.034047e-01 5.000000e-01 7.564026e-01 4.364478e-01 1.000000e+00 1.000000e+00 1.000000e+00
1.000000e+00 1.367523e+00 8.325125e-01 5.000000e-01 4.176238e-01 1.397068e+00 1.000000e+00 1.000000e+00 1.000000e+00
1.000000e+00 9.454011e-01 1.317211e+00 5.000000e-01 7.204734e-01 1.116523e+00 1.000000e+00 1.000000e+00 1.000000e+00
1.000000e+00 1.640161e+00 5.430542e-01 5.000000e-01 1.446191e+00 1.178637e+00 1.000000e+00 1.000000e+00 1.000000e+00
1.000000e+00 5.035918e-01 1.406529e+00 5.000000e-01 1.301053e+00 1.034296e+00 1.000000e+00 1.000000e+00 1.000000e+00
1.000000e+00 1.793195e+00 1.148203e+00 5.000000e-01 3.248900e-01 1.185619e+00 1.000000e+00 1.000000e+00 1.000000e+00
1.000000e+00 9.333708e-01 1.725715e+00 5.000000e-01 1.285533e+00 5.423834e-01 1.000000e+00 1.000000e+00 1.000000e+00
1.000000e+00 6.348200e-01 1.038069e+00 5.000000e-01 5.651566e-01 1.333463e+00 1.000000e+00 1.000000e+00 1.000000e+00
1.000000e+00 1.187459e+00 1.763438e+00 5.000000e-01 7.607573e-01 3.781237e-01 1.000000e+00 1.000000e+00 1.000000e+00
1.000000e+00 1.741661e+00 8.165800e-01 5.000000e-01 1.095572e+00 6.817084e-01 1.000000e+00 1.000000e+00 1.000000e+00
1.000000e+00 1.175947e+00 1.336153e+00 5.000000e-01 4.711451e-01 1.316752e+00 1.000000e+00 1.000000e+00 1.000000e+00
1.000000e+00 1.021241e+00 8.288894e-01 5.000000e-01 9.343497e-02 1.145396e+00 1.000000e+00 1.000000e+00 1.000000e+00
1.000000e+00 1.975528e+00 1.289057e+00 5.000000e-01 3.722880e-01 1.328126e+00 1.000000e+00 1.000000e+00 1.000000e+00
1.000000e+00 1.806815e+00 1.926111e+00 5.000000e-01 4.859325e-01 4.776217e-01 1.000000e+00 1.000000e+00 1.000000e+00
1.000000e+00 8.861578e-01 5.710153e-01 5.000000e-01 1.428110e+00 1.435186e+00 1.000000e+00 1.000000e+00 1.000000e+00
1.000000e+00 1.245896e+00 1.017188e+00 5.000000e-01 5.075187e-02 9.431963e-01 1.000000e+00 1.000000e+00 1.000000e+00
1.000000e+00 1.636792e+00 6.183184e-01 5.000000e-01 1.447717e-01 1.415827e+00 1.000000e+00 1.000000e+00 1.000000e+00
1.000000e+00 1.786336e+00 1.591367e+00 5.000000e-01 2.850990e-01 5.029407e-01 1.000000e+00 1.000000e+00 1.000000e+00
1.000000e+00 1.173261e+00 1.871463e+00 5.000000e-01 1.455399e+00 3.592485e-01 1.000000e+00 1.000000e+00 1.000000e+00
1.000000e+00 1.589873e+00 8.995127e-01 5.000000e-01 7.765110e-01 9.602159e-01 1.000000e+00 1.000000e+00 1.000000e+00
1.000000e+00 1.025471e+00 1.942303e+00 5.000000e-01 6.753896e-02 9.172744e-01 1.000000e+00 1.000000e+00 1.000000e+00
1.000000e+00 7.865364e-01 1.576760e+00 5.000000e-01 7.313484e-01 2.401673e-01 1.000000e+00 1.000000e+00 1.000000e+00
1.000000e+00 1.190687e+00 6.114928e-01 5.000000e-01 7.735060e-01 3.751349e-01 1.000000e+00 1.000000e+00 1.000000e+00
1.000000e+00 1.334705e+00 1.133175e+00 5.000000e-01 1.545601e-01 1.172323e-01 1.000000e+00 1.000000e+00 1.000000e+00
1.000000e+00 1.936646e+00 1.807451e+00 5.000000e-01 7.417750e-01 1.124042e+00 1.000000e+00 1.000000e+00 1.000000e+00
1.000000e+00 9.700992e-01 1.182701e+00 5.000000e-01 9.936163e-01 8.549143e-01 1.000000e+00 1.000000e+00 1.000000e+00
1.000000e+00 1.512618e+00 1.352732e+00 5.000000e-01 7.318055e-01 9.969702e-01 1.000000e+00 1.000000e+00 1.000000e+00
1.000000e+00 8.535294e-01 8.841404e-01 5.000000e-01 5.481561e-01 1.402862e+00 1.000000e+00 1.000000e+00 1.000000e+00
1.000000e+00 1.689576e+00 1.059651e+00 5.000000e-01 5.977720e-01 1.488276e+00 1.000000e+00 1.000000e+00 1.000000e+00
1.000000e+00 1.902183e+00 1.913459e+00 5.000000e-01 1.217831e+00 1.002677e+00 1.000000e+00 1.000000e+00 1.000000e+00
1.000000e+00 5.950565e-01 1.747701e+00 5.000000e-01 4.602270e-01 5.944260e-01 1.000000e+00 1.000000e+00 1.000000e+00
1.000000e+00 5.108264e-01 1.237716e+00 5.000000e-01 1.255901e+00 6.454695e-01 1.000000e+00 1.000000e+00 1.000000e+00
1.000000e+00 1.373626e+00 1.909207e+00 5.000000e-01 1.436266e+00 7.278586e-01 1.000000e+00 1.000000e+00 1.000000e+00
1.000000e+00 1.259956e+00 9.829505e-01 5.000000e-01 6.683288e-01 1.345569e+00 1.000000e+00 1.000000e+00 1.000000e+00
1.000000e+00 1.779683e+00 1.115916e+00 5.000000e-01 4.112922e-01 3.390417e-01 1.000000e+00 1.000000e+00 1.000000e+00
1.000000e+00 1.742656e+00 1.781355e+00 5.000000e-01 6.653565e-01 1.362875e-01 1.000000e+00 1.000000e+00 1.000000e+00
1.000000e+00 6.887506e-01 1.476930e+00 5.000000e-01 1.273139e-01 5.562598e-01 1.000000e+00 1.000000e+00 1.000000e+00
1.000000e+00 1.469133e+00 1.718733e+00 5.000000e-01 3.298044e-01 5.828135e-02 1.000000e+00 1.000000e+00 1.000000e+00
1.000000e+00 7.366291e-01 1.228086e+00 5.000000e-01 1.357375e+00 4.149143e-01 1.000000e+00 1.000000e+00 1.000000e+00
1.000000e+00 5.749397e-01 1.343220e+00 5.000000e-01 4.646506e-01 1.117480e+00 1.000000e+00 1.000000e+00 1.000000e+00
1.000000e+00 5.018457e-01 9.060273e-01 5.000000e-01 1.276863e+00 4.283002e-01 1.000000e+00 1.000000e+00 1.000000e+00
1.000000e+00 1.955636e+00 6.339729e-01 5.000000e-01 6.234386e-01 3.316499e-01 1.000000e+00 1.000000e+00 1.000000e+00
1.000000e+00 1.315429e+00 1.288811e+00 5.000000e-01 1.474076e+00 7.197566e-01 1.000000e+00 1.000000e+00 1.000000e+00
1.000000e+00 1.977324e+00 1.541257e+00 5.000000e-01 1.023056e+00 1.431661e+00 1.000000e+00 1.000000e+00 1.000000e+00
1.000000e+00 1.168137e+00 1.794355e+00 5.000000e-01 1.206365e-01 4.943382e-01 1.000000e+00 1.000000e+00 1.000000e+00
1.000000e+00 8.189680e-01 1.330839e+00 5.000000e-01 1.060586e+00 1.276229e+00 1.000000e+00 1.000000e+00 1.000000e+00
1.000000e+00 1.943664e+00 1.760161e+00 5.000000e-01 3.334545e-01 9.463529e-01 1.000000e+00 1.000000e+00 1.000000e+00
1.000000e+00 5.718627e-01 1.842366e+00 5.000000e-01 3.922176e-01 3.897469e-01 1.000000e+00 1.000000e+00 1.000000e+00
1.000000e+00 1.880227e+00 1.405243e+00 5.000000e-01 8.290335e-01 4.753686e-01 1.000000e+00 1.000000e+00 1.000000e+00
1.000000e+00 1.940174e+00 1.995439e+00 5.000000e-01 1.273445e+00 5.966715e-01 1.000000e+00 1.000000e+00 1.000000e+00
1.000000e+00 6.283483e-01 5.835577e-01 5.000000e-01 2.149778e-01 9.265752e-01 1.000000e+00 1.000000e+00 1.000000e+00
1.000000e+00 5.203265e-01 1.389209e+00 5.000000e-01 8.924759e-01 8.752712e-01 1.000000e+00 1.000000e+00 1.000000e+00
1.000000e+00 1.394934e+00 6.689182e-01 5.000000e-01 1.339479e+00 9.410141e-02 1.000000e+00 1.000000e+00 1.000000e+00
1.000000e+00 9.901222e-01 1.769076e+00 5.000000e-01 1.262651e+00 3.292968e-01 1.000000e+00 1.000000e+00 1.000000e+00
1.000000e+00 8.380638e-01 1.707477e+00 5.000000e-01 1.607998e-01 3.881721e-01 1.000000e+00 1.000000e+00 1.000000e+00
1.000000e+00 1.194799e+00 1.447941e+00 5.000000e-01 2.935364e-01 1.946605e-01 1.000000e+00 1.000000e+00 1.000000e+00
1.000000e+00 1.101945e+00 1.456741e+00 5.000000e-01 3.256035e-01 1.452739e+00 1.000000e+00 1.000000e+00 1.000000e+00
1.000000e+00 1.851306e+00 1.448002e+00 5.000000e-01 8.269368e-01 9.246536e-02 1.000000e+00 1.000000e+00 1.000000e+00
1.000000e+00 6.409407e-01 1.772096e+00 5.000000e-01 8.656750e-01 3.247653e-01 1.000000e+00 1.000000e+00 1.000000e+00
1.000000e+00 1.637444e+00 7.701758e-01 5.000000e-01 6.170393e-01 1.492397e+00 1.000000e+00 1.000000e+00 1.000000e+00
1.000000e+00 1.410895e+00 8.745773e-01 5.000000e-01 9.641832e-01 6.096448e-01 1.000000e+00 1.000000e+00 1.000000e+00
1.000000e+00 5.426183e-01 8.430929e-01 5.000000e-01 4.504613e-01 1.162473e+00 1.000000e+00 1.000000e+00 1.000000e+00
1.000000e+00 7.950046e-01 1.616828e+00 5.000000e-01 5.513062e-01 8.453469e-01 1.000000e+00 1.000000e+00 1.000000e+00
1.000000e+00 8.878926e-01 8.472284e-01 5.000000e-01 9.421320e-01 5.344043e-01 1.000000e+00 1.000000e+00 1.000000e+00
1.000000e+00 8.804754e-01 8.130140e-01 5.000000e-01 1.319842e+00 4.621241e-01 1.000000e+00 1.000000e+00 1.000000e+00
1.000000e+00 8.947398e-01 1.101149e+00 5.000000e-01 1.330307e-01 5.783757e-01 1.000000e+00 1.000000e+00 1.000000e+00
1.000000e+00 1.031992e+00 1.645093e+00 5.000000e-01 4.696866e-01 1.159930e+00 1.000000e+00 1.000000e+00 1.000000e+00
1.000000e+00 8.076067e-01 1.522678e+00 5.000000e-01 7.898418e-01 5.279621e-01 1.000000e+00 1.000000e+00 1.000000e+00
1.000000e+00 5.223837e-01 1.319533e+00 5.000000e-01 1.082423e+00 3.832838e-01 1.000000e+00 1.000000e+00 1.000000e+00
1.000000e+00 9.006324e-01 1.427610e+00 5.000000e-01 8.854531e-01 5.535644e-01 1.000000e+00 1.000000e+00 1.000000e+00
1.000000e+00 1.403713e+00 1.151597e+00 5.000000e-01 4.468673e-01 2.857621e-01 1.000000e+00 1.000000e+00 1.000000e+00
1.000000e+00 8.611222e-01 9.948330e-01 5.000000e-01 4.415959e-01 1.220327e-01 1.000000e+00 1.000000e+00 1.000000e+00
1.000000e+00 7.983753e-01 8.676786e-01 5.000000e-01 2.793823e-01 1.476665e+00 1.000000e+00 1.000000e+00 1.000000e+00
1.000000e+00 1.379250e+00 1.936462e+00 5.000000e-01 1.404601e+00 8.234210e-01 1.000000e+00 1.000000e+00 1.000000e+00
1.000000e+00 6.800430e-01 6.085683e-01 5.000000e-01 7.519888e-01 1.465410e+00 1.000000e+00 1.000000e+00 1.000000e+00
1.000000e+00 8.137809e-01 1.252591e+00 5.000000e-01 5.265609e-01 7.149185e-02 1.000000e+00 1.000000e+00 1.000000e+00
1.000000e+00 6.746212e-01 6.628951e-01 5.000000e-01 4.374336e-01 2.624219e-01 1.000000e+00 1.000000e+00 1.000000e+00
1.000000e+00 1.918407e+00 1.158860e+00 5.000000e-01 5.891581e-01 9.372239e-01 1.000000e+00 1.000000e+00 1.000000e+00
1.000000e+00 1.841075e+00 1.196650e+00 5.000000e-01 1.019093e+00 2.959523e-01 1.000000e+00 1.000000e+00 1.000000e+00
1.000000e+00 5.576696e-01 1.194539e+00 5.000000e-01 3.169435e-01 1.271103e+00 1.000000e+00 1.000000e+00 1.000000e+00
1.000000e+00 1.878890e+00 6.672602e-01 5.000000e-01 1.276598e+00 2.025674e-01 1.000000e+00 1.000000e+00 1.000000e+00
1.000000e+00 1.631396e+00 9.715296e-01 5.000000e-01 4.535052e-01 1.491257e+00 1.000000e+00 1.000000e+00 1.000000e+00
1.000000e+00 6.512621e-01 1.924892e+00 5.000000e-01 9.854123e-02 9.505190e-01 1.000000e+00 1.000000e+00 1.000000e+00
1.000000e+00 1.670895e+00 1.066547e+00 5.000000e-01 1.006794e+00 9.573794e-01 1.000000e+00 1.000000e+00 1.000000e+00
1.000000e+00 1.463806e+00 1.669110e+00 5.000000e-01 9.037894e-01 8.034558e-01 1.000000e+00 1.000000e+00 1.000000e+00
1.000000e+00 7.077047e-01 5.202612e-01 5.000000e-01 5.110585e-01 8.691675e-01 1.000000e+00 1.000000e+00 1.000000e+00
1.000000e+00 1.210928e+00 1.298852e+00 5.000000e-01 1.228307e+00 1.614818e-01 1.000000e+00 1.000000e+00 1.000000e+00
1.000000e+00 1.823959e+00 1.424278e+00 5.000000e-01 6.014777e-01 5.144688e-01 1.000000e+00 1.000000e+00 1.000000e+00
1.000000e+00 1.283354e+00 7.499761e-01 5.000000e-01 1.174795e+00 1.100828e+00 1.000000e+00 1.000000e+00 1.000000e+00
1.000000e+00 1.351746e+00 1.577398e+00 5.000000e-01 1.066905e+00 1.897550e-01 1.000000e+00 1.000000e+00 1.000000e+00
1.000000e+00 1.895475e+00 9.300034e-01 5.000000e-01 2.596771e-01 3.163526e-01 1.000000e+00 1.000000e+00 1.000000e+00
