# x=3.3250  x=3.3750  x=3.4250  x=3.4750  x=3.5250  x=3.5750  x=3.6250  x=3.6750  x=3.7250  x=3.7750  x=3.8250  x=3.8750  x=3.9250  x=3.9750  x=4.0250  x=4.0750  x=4.1250  x=4.1750  x=4.2250  x=4.2750  x=4.3250  x=4.3750  x=4.4250  x=4.4750  x=4.5250  x=4.5750  x=4.6250  x=4.6750  x=4.7250  x=4.7750  x=4.8250  x=4.8750  x=4.9250  x=4.9750  x=5.0250  x=5.0750  x=5.1250  x=5.1750  x=5.2250  x=5.2750  x=5.3250  x=5.3750  x=5.4250  x=5.4750  x=5.5250  x=5.5750  x=5.6250  x=5.6750  x=5.7250  x=5.7750  x=5.8250  x=5.8750  x=5.9250  x=5.9750  x=6.0250  x=6.0750  x=6.1250  x=6.1750  x=6.2250  x=6.2750  x=6.3250  x=6.3750  x=6.4250  x=6.4750  x=6.5250  x=6.5750  x=6.6250  x=6.6750
5.520213e-01 5.586651e-01 5.641449e-01 5.694071e-01 5.744590e-01 5.793074e-01 5.839592e-01 5.884208e-01 5.926983e-01 5.967977e-01 6.007247e-01 6.044846e-01 6.080827e-01 6.115240e-01 6.148132e-01 6.179549e-01 6.209534e-01 6.238129e-01 6.265373e-01 6.291305e-01 6.315959e-01 6.339371e-01 6.361572e-01 6.382593e-01 6.402463e-01 6.421210e-01 6.438861e-01 6.455438e-01 6.470965e-01 6.485464e-01 6.498955e-01 6.511456e-01 6.522985e-01 6.533557e-01 6.543188e-01 6.551890e-01 6.559676e-01 6.566556e-01 6.572541e-01 6.577637e-01 6.581853e-01 6.585194e-01 6.587664e-01 6.589268e-01 6.590007e-01 6.589883e-01 6.588894e-01 6.587041e-01 6.584320e-01 6.580727e-01 6.576258e-01 6.570906e-01 6.564665e-01 6.557524e-01 6.549475e-01 6.540506e-01 6.530606e-01 6.519759e-01 6.507951e-01 6.495167e-01 6.481387e-01 6.466594e-01 6.450766e-01 6.433881e-01 6.415918e-01 6.396849e-01 6.376650e-01 6.328750e-01
1.527337e+00 1.414877e+00 1.356147e+00 1.300424e+00 1.247574e+00 1.197470e+00 1.149991e+00 1.105021e+00 1.062452e+00 1.022181e+00 9.841118e-01 9.481513e-01 9.142131e-01 8.822151e-01 8.520800e-01 8.237350e-01 7.971118e-01 7.721458e-01 7.487769e-01 7.269486e-01 7.066082e-01 6.877065e-01 6.701979e-01 6.540401e-01 6.391940e-01 6.256238e-01 6.132967e-01 6.021830e-01 5.922557e-01 5.834910e-01 5.758676e-01 5.693671e-01 5.639738e-01 5.596747e-01 5.564595e-01 5.543202e-01 5.532519e-01 5.532518e-01 5.543200e-01 5.564591e-01 5.596742e-01 5.639732e-01 5.693663e-01 5.758666e-01 5.834899e-01 5.922545e-01 6.021816e-01 6.132952e-01 6.256221e-01 6.391921e-01 6.540380e-01 6.701957e-01 6.877041e-01 7.066056e-01 7.269458e-01 7.487739e-01 7.721426e-01 7.971083e-01 8.237314e-01 8.520761e-01 8.822109e-01 9.142087e-01 9.481467e-01 9.841068e-01 1.022176e+00 1.062446e+00 1.105015e+00 1.144891e+00
1.677153e+00 1.667938e+00 1.657266e+00 1.646507e+00 1.635655e+00 1.624702e+00 1.613641e+00 1.602466e+00 1.591168e+00 1.579741e+00 1.568176e+00 1.556468e+00 1.544606e+00 1.532585e+00 1.520396e+00 1.508032e+00 1.495484e+00 1.482743e+00 1.469803e+00 1.456653e+00 1.443287e+00 1.429694e+00 1.415867e+00 1.401796e+00 1.387472e+00 1.372885e+00 1.358027e+00 1.342887e+00 1.327455e+00 1.311722e+00 1.295677e+00 1.279311e+00 1.262611e+00 1.245567e+00 1.228169e+00 1.210404e+00 1.192262e+00 1.173730e+00 1.154796e+00 1.135449e+00 1.115674e+00 1.095460e+00 1.074794e+00 1.053661e+00 1.032048e+00 1.009941e+00 9.873260e-01 9.641876e-01 9.405108e-01 9.162803e-01 8.914803e-01 8.660946e-01 8.401067e-01 8.134997e-01 7.862561e-01 7.583582e-01 7.297879e-01 7.005265e-01 6.705550e-01 6.398538e-01 6.084028e-01 5.761817e-01 5.431693e-01 5.093442e-01 4.746844e-01 4.391672e-01 4.027694e-01 3.793213e-01
6.139474e-01 6.035141e-01 5.913854e-01 5.799036e-01 5.690419e-01 5.587751e-01 5.490792e-01 5.399319e-01 5.313116e-01 5.231986e-01 5.155737e-01 5.084194e-01 5.017190e-01 4.954568e-01 4.896184e-01 4.841901e-01 4.791594e-01 4.745144e-01 4.702445e-01 4.663396e-01 4.627908e-01 4.595897e-01 4.567289e-01 4.542017e-01 4.520023e-01 4.501256e-01 4.485672e-01 4.473234e-01 4.463914e-01 4.457689e-01 4.454547e-01 4.454478e-01 4.457484e-01 4.463571e-01 4.472753e-01 4.485051e-01 4.500495e-01 4.519120e-01 4.540969e-01 4.566093e-01 4.594552e-01 4.626410e-01 4.661741e-01 4.700630e-01 4.743164e-01 4.789445e-01 4.839578e-01 4.893681e-01 4.951880e-01 5.014310e-01 5.081116e-01 5.152454e-01 5.228489e-01 5.309399e-01 5.395371e-01 5.486605e-01 5.583315e-01 5.685724e-01 5.794071e-01 5.908608e-01 6.029601e-01 6.157332e-01 6.292097e-01 6.434211e-01 6.584004e-01 6.741824e-01 6.908038e-01 7.274324e-01
1.527636e+00 1.556126e+00 1.564250e+00 1.571976e+00 1.579306e+00 1.586244e+00 1.592790e+00 1.598947e+00 1.604718e+00 1.610103e+00 1.615106e+00 1.619726e+00 1.623967e+00 1.627829e+00 1.631314e+00 1.634423e+00 1.637156e+00 1.639515e+00 1.641500e+00 1.643112e+00 1.644352e+00 1.645220e+00 1.645716e+00 1.645841e+00 1.645594e+00 1.644975e+00 1.643985e+00 1.642622e+00 1.640887e+00 1.638779e+00 1.636297e+00 1.633440e+00 1.630208e+00 1.626599e+00 1.622612e+00 1.618246e+00 1.613500e+00 1.608372e+00 1.602859e+00 1.596962e+00 1.590677e+00 1.584002e+00 1.576935e+00 1.569475e+00 1.561618e+00 1.553362e+00 1.544705e+00 1.535643e+00 1.526173e+00 1.516293e+00 1.506000e+00 1.495289e+00 1.484157e+00 1.472601e+00 1.460618e+00 1.448202e+00 1.435350e+00 1.422059e+00 1.408322e+00 1.394137e+00 1.379498e+00 1.364401e+00 1.348841e+00 1.332812e+00 1.316310e+00 1.299328e+00 1.281862e+00 1.252115e+00
4.900579e+00 4.954495e+00 5.039802e+00 5.120705e+00 5.197312e+00 5.269728e+00 5.338048e+00 5.402366e+00 5.462768e+00 5.519336e+00 5.572144e+00 5.621266e+00 5.666766e+00 5.708706e+00 5.747142e+00 5.782127e+00 5.813707e+00 5.841925e+00 5.866819e+00 5.888422e+00 5.906763e+00 5.921868e+00 5.933756e+00 5.942443e+00 5.947942e+00 5.950260e+00 5.949399e+00 5.945358e+00 5.938133e+00 5.927713e+00 5.914085e+00 5.897229e+00 5.877124e+00 5.853742e+00 5.827051e+00 5.797017e+00 5.763598e+00 5.726749e+00 5.686421e+00 5.642560e+00 5.595105e+00 5.543995e+00 5.489159e+00 5.430524e+00 5.368010e+00 5.301535e+00 5.231007e+00 5.156333e+00 5.077412e+00 4.994137e+00 4.906396e+00 4.814072e+00 4.717039e+00 4.615167e+00 4.508320e+00 4.396352e+00 4.279114e+00 4.156448e+00 4.028188e+00 3.894161e+00 3.754188e+00 3.608079e+00 3.455638e+00 3.296660e+00 3.130931e+00 2.958227e+00 2.778316e+00 2.665865e+00
4.547618e+00 4.505929e+00 4.454950e+00 4.405178e+00 4.356581e+00 4.309127e+00 4.262785e+00 4.217525e+00 4.173318e+00 4.130135e+00 4.087948e+00 4.046729e+00 4.006452e+00 3.967090e+00 3.928618e+00 3.891011e+00 3.854244e+00 3.818293e+00 3.783136e+00 3.748748e+00 3.715109e+00 3.682195e+00 3.649986e+00 3.618461e+00 3.587598e+00 3.557379e+00 3.527783e+00 3.498791e+00 3.470384e+00 3.442545e+00 3.415253e+00 3.388493e+00 3.362247e+00 3.336496e+00 3.311226e+00 3.286419e+00 3.262059e+00 3.238130e+00 3.214617e+00 3.191504e+00 3.168777e+00 3.146420e+00 3.124420e+00 3.102762e+00 3.081431e+00 3.060414e+00 3.039697e+00 3.019267e+00 2.999110e+00 2.979213e+00 2.959564e+00 2.940150e+00 2.920957e+00 2.901974e+00 2.883188e+00 2.864587e+00 2.846159e+00 2.827892e+00 2.809773e+00 2.791792e+00 2.773937e+00 2.756195e+00 2.738555e+00 2.721007e+00 2.703537e+00 2.686136e+00 2.668792e+00 2.656744e+00
4.927637e+00 4.957030e+00 4.968679e+00 4.979169e+00 4.988507e+00 4.996698e+00 5.003747e+00 5.009659e+00 5.014438e+00 5.018086e+00 5.020605e+00 5.021997e+00 5.022263e+00 5.021403e+00 5.019417e+00 5.016302e+00 5.012059e+00 5.006683e+00 5.000171e+00 4.992520e+00 4.983725e+00 4.973780e+00 4.962679e+00 4.950416e+00 4.936983e+00 4.922372e+00 4.906574e+00 4.889579e+00 4.871377e+00 4.851956e+00 4.831305e+00 4.809412e+00 4.786262e+00 4.761841e+00 4.736135e+00 4.709128e+00 4.680804e+00 4.651144e+00 4.620132e+00 4.587747e+00 4.553970e+00 4.518781e+00 4.482157e+00 4.444077e+00 4.404517e+00 4.363453e+00 4.320859e+00 4.276711e+00 4.230980e+00 4.183638e+00 4.134658e+00 4.084008e+00 4.031658e+00 3.977575e+00 3.921727e+00 3.864079e+00 3.804597e+00 3.743243e+00 3.679980e+00 3.614770e+00 3.547572e+00 3.478346e+00 3.407049e+00 3.333637e+00 3.258065e+00 3.180288e+00 3.100257e+00 3.035304e+00
1.179326e+00 1.180683e+00 1.182452e+00 1.184333e+00 1.186329e+00 1.188442e+00 1.190674e+00 1.193027e+00 1.195503e+00 1.198105e+00 1.200835e+00 1.203697e+00 1.206693e+00 1.209825e+00 1.213098e+00 1.216515e+00 1.220078e+00 1.223792e+00 1.227659e+00 1.231685e+00 1.235873e+00 1.240227e+00 1.244751e+00 1.249451e+00 1.254330e+00 1.259394e+00 1.264648e+00 1.270096e+00 1.275745e+00 1.281600e+00 1.287667e+00 1.293952e+00 1.300460e+00 1.307200e+00 1.314177e+00 1.321398e+00 1.328871e+00 1.336603e+00 1.344602e+00 1.352876e+00 1.361433e+00 1.370281e+00 1.379429e+00 1.388888e+00 1.398665e+00 1.408771e+00 1.419216e+00 1.430010e+00 1.441164e+00 1.452690e+00 1.464598e+00 1.476901e+00 1.489611e+00 1.502740e+00 1.516302e+00 1.530311e+00 1.544779e+00 1.559722e+00 1.575155e+00 1.591093e+00 1.607552e+00 1.624549e+00 1.642099e+00 1.660222e+00 1.678935e+00 1.698256e+00 1.718205e+00 1.733754e+00
3.142093e+00 3.164238e+00 3.183394e+00 3.201817e+00 3.219512e+00 3.236480e+00 3.252725e+00 3.268250e+00 3.283058e+00 3.297151e+00 3.310531e+00 3.323201e+00 3.335164e+00 3.346420e+00 3.356973e+00 3.366824e+00 3.375974e+00 3.384426e+00 3.392180e+00 3.399239e+00 3.405603e+00 3.411273e+00 3.416251e+00 3.420537e+00 3.424133e+00 3.427038e+00 3.429253e+00 3.430779e+00 3.431616e+00 3.431763e+00 3.431222e+00 3.429992e+00 3.428072e+00 3.425463e+00 3.422164e+00 3.418174e+00 3.413493e+00 3.408120e+00 3.402053e+00 3.395293e+00 3.387837e+00 3.379684e+00 3.370834e+00 3.361283e+00 3.351032e+00 3.340078e+00 3.328418e+00 3.316052e+00 3.302976e+00 3.289189e+00 3.274689e+00 3.259471e+00 3.243535e+00 3.226877e+00 3.209495e+00 3.191385e+00 3.172543e+00 3.152968e+00 3.132655e+00 3.111601e+00 3.089802e+00 3.067255e+00 3.043955e+00 3.019898e+00 2.995081e+00 2.969499e+00 2.943147e+00 2.883575e+00
1.397691e+00 1.429747e+00 1.445178e+00 1.459953e+00 1.474086e+00 1.487586e+00 1.500464e+00 1.512730e+00 1.524393e+00 1.535463e+00 1.545947e+00 1.555853e+00 1.565190e+00 1.573965e+00 1.582183e+00 1.589852e+00 1.596977e+00 1.603564e+00 1.609617e+00 1.615142e+00 1.620143e+00 1.624622e+00 1.628585e+00 1.632034e+00 1.634971e+00 1.637399e+00 1.639319e+00 1.640734e+00 1.641643e+00 1.642049e+00 1.641951e+00 1.641349e+00 1.640242e+00 1.638630e+00 1.636512e+00 1.633886e+00 1.630750e+00 1.627101e+00 1.622937e+00 1.618255e+00 1.613050e+00 1.607320e+00 1.601059e+00 1.594263e+00 1.586926e+00 1.579044e+00 1.570609e+00 1.561616e+00 1.552058e+00 1.541927e+00 1.531216e+00 1.519916e+00 1.508019e+00 1.495515e+00 1.482395e+00 1.468650e+00 1.454268e+00 1.439239e+00 1.423550e+00 1.407191e+00 1.390148e+00 1.372408e+00 1.353959e+00 1.334785e+00 1.314872e+00 1.294205e+00 1.272769e+00 1.251318e+00
2.190016e+00 2.241187e+00 2.284371e+00 2.326800e+00 2.368484e+00 2.409435e+00 2.449662e+00 2.489176e+00 2.527987e+00 2.566105e+00 2.603539e+00 2.640299e+00 2.676394e+00 2.711834e+00 2.746627e+00 2.780782e+00 2.814309e+00 2.847214e+00 2.879508e+00 2.911197e+00 2.942291e+00 2.972796e+00 3.002722e+00 3.032074e+00 3.060862e+00 3.089091e+00 3.116770e+00 3.143905e+00 3.170503e+00 3.196571e+00 3.222115e+00 3.247143e+00 3.271660e+00 3.295673e+00 3.319187e+00 3.342209e+00 3.364745e+00 3.386800e+00 3.408380e+00 3.429490e+00 3.450136e+00 3.470323e+00 3.490056e+00 3.509340e+00 3.528180e+00 3.546581e+00 3.564547e+00 3.582084e+00 3.599195e+00 3.615884e+00 3.632157e+00 3.648017e+00 3.663469e+00 3.678515e+00 3.693160e+00 3.707408e+00 3.721263e+00 3.734727e+00 3.747805e+00 3.760499e+00 3.772813e+00 3.784750e+00 3.796313e+00 3.807504e+00 3.818328e+00 3.828786e+00 3.838881e+00 3.852000e+00
1.025829e+00 1.015285e+00 9.992316e-01 9.847873e-01 9.717945e-01 9.601117e-01 9.496113e-01 9.401788e-01 9.317114e-01 9.241167e-01 9.173119e-01 9.112226e-01 9.057826e-01 9.009325e-01 8.966194e-01 8.927962e-01 8.894212e-01 8.864577e-01 8.838733e-01 8.816397e-01 8.797328e-01 8.781315e-01 8.768186e-01 8.757796e-01 8.750033e-01 8.744811e-01 8.742073e-01 8.741791e-01 8.743960e-01 8.748605e-01 8.755776e-01 8.765551e-01 8.778037e-01 8.793370e-01 8.811717e-01 8.833279e-01 8.858290e-01 8.887024e-01 8.919794e-01 8.956957e-01 8.998918e-01 9.046136e-01 9.099125e-01 9.158463e-01 9.224798e-01 9.298853e-01 9.381436e-01 9.473447e-01 9.575891e-01 9.689884e-01 9.816669e-01 9.957631e-01 1.011431e+00 1.028840e+00 1.048182e+00 1.069667e+00 1.093529e+00 1.120029e+00 1.149456e+00 1.182130e+00 1.218409e+00 1.258687e+00 1.303405e+00 1.353049e+00 1.408162e+00 1.469344e+00 1.537263e+00 1.582030e+00
1.072540e+00 1.049554e+00 1.023897e+00 9.991659e-01 9.753257e-01 9.523441e-01 9.301894e-01 9.088315e-01 8.882409e-01 8.683896e-01 8.492502e-01 8.307965e-01 8.130033e-01 7.958461e-01 7.793015e-01 7.633467e-01 7.479599e-01 7.331199e-01 7.188066e-01 7.050001e-01 6.916817e-01 6.788330e-01 6.664365e-01 6.544750e-01 6.429324e-01 6.317927e-01 6.210406e-01 6.106614e-01 6.006410e-01 5.909655e-01 5.816217e-01 5.725968e-01 5.638784e-01 5.554545e-01 5.473137e-01 5.394447e-01 5.318369e-01 5.244796e-01 5.173630e-01 5.104771e-01 5.038126e-01 4.973603e-01 4.911114e-01 4.850574e-01 4.791899e-01 4.735008e-01 4.679824e-01 4.626272e-01 4.574277e-01 4.523769e-01 4.474678e-01 4.426937e-01 4.380481e-01 4.335245e-01 4.291169e-01 4.248191e-01 4.206252e-01 4.165296e-01 4.125265e-01 4.086105e-01 4.047763e-01 4.010186e-01 3.973322e-01 3.937120e-01 3.901532e-01 3.866508e-01 3.832001e-01 3.803936e-01
1.475512e+00 1.435757e+00 1.398883e+00 1.363295e+00 1.328952e+00 1.295813e+00 1.263839e+00 1.232992e+00 1.203235e+00 1.174533e+00 1.146852e+00 1.120158e+00 1.094421e+00 1.069609e+00 1.045693e+00 1.022645e+00 1.000438e+00 9.790441e-01 9.584390e-01 9.385980e-01 9.194975e-01 9.011149e-01 8.834282e-01 8.664166e-01 8.500598e-01 8.343383e-01 8.192336e-01 8.047276e-01 7.908031e-01 7.774437e-01 7.646334e-01 7.523570e-01 7.405999e-01 7.293483e-01 7.185886e-01 7.083082e-01 6.984948e-01 6.891368e-01 6.802230e-01 6.717429e-01 6.636864e-01 6.560440e-01 6.488064e-01 6.419653e-01 6.355124e-01 6.294401e-01 6.237411e-01 6.184087e-01 6.134366e-01 6.088188e-01 6.045499e-01 6.006248e-01 5.970388e-01 5.937877e-01 5.908677e-01 5.882751e-01 5.860071e-01 5.840608e-01 5.824340e-01 5.811247e-01 5.801314e-01 5.794530e-01 5.790885e-01 5.790375e-01 5.793001e-01 5.798765e-01 5.807673e-01 5.822803e-01
3.001202e+00 3.017862e+00 3.030175e+00 3.041816e+00 3.052802e+00 3.063152e+00 3.072881e+00 3.082006e+00 3.090542e+00 3.098502e+00 3.105898e+00 3.112744e+00 3.119049e+00 3.124825e+00 3.130079e+00 3.134822e+00 3.139060e+00 3.142800e+00 3.146049e+00 3.148810e+00 3.151090e+00 3.152892e+00 3.154218e+00 3.155071e+00 3.155451e+00 3.155361e+00 3.154799e+00 3.153764e+00 3.152256e+00 3.150271e+00 3.147806e+00 3.144857e+00 3.141421e+00 3.137490e+00 3.133059e+00 3.128120e+00 3.122666e+00 3.116688e+00 3.110176e+00 3.103120e+00 3.095509e+00 3.087329e+00 3.078569e+00 3.069213e+00 3.059247e+00 3.048655e+00 3.037419e+00 3.025522e+00 3.012944e+00 2.999666e+00 2.985665e+00 2.970920e+00 2.955406e+00 2.939098e+00 2.921971e+00 2.903997e+00 2.885146e+00 2.865389e+00 2.844693e+00 2.823025e+00 2.800351e+00 2.776633e+00 2.751835e+00 2.725915e+00 2.698831e+00 2.670542e+00 2.641000e+00 2.605380e+00
1.226236e+00 1.273726e+00 1.332720e+00 1.388562e+00 1.441431e+00 1.491493e+00 1.538910e+00 1.583832e+00 1.626402e+00 1.666756e+00 1.705022e+00 1.741323e+00 1.775774e+00 1.808486e+00 1.839561e+00 1.869100e+00 1.897197e+00 1.923940e+00 1.949416e+00 1.973705e+00 1.996885e+00 2.019030e+00 2.040210e+00 2.060493e+00 2.079943e+00 2.098623e+00 2.116592e+00 2.133907e+00 2.150624e+00 2.166796e+00 2.182473e+00 2.197708e+00 2.212547e+00 2.227038e+00 2.241227e+00 2.255160e+00 2.268881e+00 2.282433e+00 2.295861e+00 2.309206e+00 2.322511e+00 2.335819e+00 2.349172e+00 2.362612e+00 2.376183e+00 2.389928e+00 2.403890e+00 2.418114e+00 2.432645e+00 2.447530e+00 2.462816e+00 2.478552e+00 2.494787e+00 2.511575e+00 2.528968e+00 2.547021e+00 2.565792e+00 2.585342e+00 2.605732e+00 2.627027e+00 2.649295e+00 2.672607e+00 2.697038e+00 2.722665e+00 2.749570e+00 2.777839e+00 2.807562e+00 2.834077e+00
2.453345e+00 2.461174e+00 2.469788e+00 2.477662e+00 2.484810e+00 2.491250e+00 2.496995e+00 2.502057e+00 2.506447e+00 2.510174e+00 2.513247e+00 2.515672e+00 2.517454e+00 2.518596e+00 2.519102e+00 2.518973e+00 2.518208e+00 2.516805e+00 2.514762e+00 2.512075e+00 2.508736e+00 2.504740e+00 2.500078e+00 2.494739e+00 2.488713e+00 2.481986e+00 2.474544e+00 2.466372e+00 2.457450e+00 2.447762e+00 2.437285e+00 2.425997e+00 2.413874e+00 2.400890e+00 2.387018e+00 2.372228e+00 2.356487e+00 2.339762e+00 2.322018e+00 2.303217e+00 2.283317e+00 2.262277e+00 2.240052e+00 2.216593e+00 2.191851e+00 2.165772e+00 2.138302e+00 2.109380e+00 2.078945e+00 2.046932e+00 2.013273e+00 1.977894e+00 1.940721e+00 1.901674e+00 1.860669e+00 1.817618e+00 1.772429e+00 1.725006e+00 1.675247e+00 1.623045e+00 1.568288e+00 1.510859e+00 1.450636e+00 1.387489e+00 1.321283e+00 1.251876e+00 1.179119e+00 1.126369e+00
1.831809e+00 1.888371e+00 1.921368e+00 1.952980e+00 1.983247e+00 2.012206e+00 2.039891e+00 2.066337e+00 2.091576e+00 2.115639e+00 2.138554e+00 2.160350e+00 2.181053e+00 2.200690e+00 2.219282e+00 2.236854e+00 2.253427e+00 2.269020e+00 2.283654e+00 2.297345e+00 2.310110e+00 2.321966e+00 2.332925e+00 2.343003e+00 2.352211e+00 2.360559e+00 2.368060e+00 2.374721e+00 2.380550e+00 2.385555e+00 2.389743e+00 2.393117e+00 2.395682e+00 2.397442e+00 2.398398e+00 2.398552e+00 2.397903e+00 2.396451e+00 2.394195e+00 2.391131e+00 2.387255e+00 2.382564e+00 2.377051e+00 2.370709e+00 2.363532e+00 2.355509e+00 2.346632e+00 2.336889e+00 2.326268e+00 2.314758e+00 2.302342e+00 2.289008e+00 2.274737e+00 2.259514e+00 2.243318e+00 2.226132e+00 2.207933e+00 2.188699e+00 2.168407e+00 2.147032e+00 2.124549e+00 2.100929e+00 2.076144e+00 2.050165e+00 2.022958e+00 1.994491e+00 1.964729e+00 1.929654e+00
4.344513e+00 4.329804e+00 4.313077e+00 4.296830e+00 4.281046e+00 4.265708e+00 4.250801e+00 4.236309e+00 4.222216e+00 4.208508e+00 4.195171e+00 4.182190e+00 4.169552e+00 4.157244e+00 4.145252e+00 4.133565e+00 4.122170e+00 4.111055e+00 4.100208e+00 4.089618e+00 4.079274e+00 4.069166e+00 4.059282e+00 4.049612e+00 4.040146e+00 4.030874e+00 4.021787e+00 4.012875e+00 4.004128e+00 3.995538e+00 3.987095e+00 3.978791e+00 3.970617e+00 3.962564e+00 3.954624e+00 3.946789e+00 3.939050e+00 3.931399e+00 3.923828e+00 3.916330e+00 3.908896e+00 3.901519e+00 3.894191e+00 3.886905e+00 3.879652e+00 3.872425e+00 3.865216e+00 3.858019e+00 3.850825e+00 3.843627e+00 3.836417e+00 3.829188e+00 3.821932e+00 3.814641e+00 3.807309e+00 3.799927e+00 3.792488e+00 3.784983e+00 3.777406e+00 3.769747e+00 3.761999e+00 3.754154e+00 3.746204e+00 3.738140e+00 3.729954e+00 3.721638e+00 3.713181e+00 3.706070e+00
7.427386e-01 7.377113e-01 7.339164e-01 7.303433e-01 7.269870e-01 7.238429e-01 7.209066e-01 7.181740e-01 7.156413e-01 7.133049e-01 7.111616e-01 7.092084e-01 7.074426e-01 7.058617e-01 7.044635e-01 7.032461e-01 7.022078e-01 7.013471e-01 7.006628e-01 7.001540e-01 6.998199e-01 6.996602e-01 6.996745e-01 6.998629e-01 7.002257e-01 7.007633e-01 7.014765e-01 7.023664e-01 7.034341e-01 7.046811e-01 7.061092e-01 7.077204e-01 7.095169e-01 7.115011e-01 7.136760e-01 7.160445e-01 7.186099e-01 7.213757e-01 7.243460e-01 7.275247e-01 7.309163e-01 7.345255e-01 7.383575e-01 7.424174e-01 7.467110e-01 7.512443e-01 7.560236e-01 7.610555e-01 7.663470e-01 7.719056e-01 7.777390e-01 7.838553e-01 7.902630e-01 7.969710e-01 8.039888e-01 8.113261e-01 8.189932e-01 8.270006e-01 8.353596e-01 8.440819e-01 8.531795e-01 8.626652e-01 8.725522e-01 8.828543e-01 8.935858e-01 9.047617e-01 9.163976e-01 9.353704e-01
2.780413e+00 2.817958e+00 2.843043e+00 2.866878e+00 2.889495e+00 2.910924e+00 2.931192e+00 2.950326e+00 2.968352e+00 2.985293e+00 3.001172e+00 3.016009e+00 3.029825e+00 3.042637e+00 3.054462e+00 3.065316e+00 3.075213e+00 3.084165e+00 3.092186e+00 3.099286e+00 3.105473e+00 3.110756e+00 3.115141e+00 3.118636e+00 3.121244e+00 3.122968e+00 3.123812e+00 3.123776e+00 3.122859e+00 3.121062e+00 3.118381e+00 3.114813e+00 3.110353e+00 3.104996e+00 3.098734e+00 3.091559e+00 3.083462e+00 3.074431e+00 3.064456e+00 3.053523e+00 3.041617e+00 3.028723e+00 3.014824e+00 2.999901e+00 2.983935e+00 2.966905e+00 2.948789e+00 2.929562e+00 2.909199e+00 2.887674e+00 2.864958e+00 2.841020e+00 2.815831e+00 2.789356e+00 2.761560e+00 2.732407e+00 2.701859e+00 2.669875e+00 2.636414e+00 2.601430e+00 2.564878e+00 2.526711e+00 2.486876e+00 2.445323e+00 2.401997e+00 2.356839e+00 2.309791e+00 2.195853e+00
1.379666e+00 1.410293e+00 1.444885e+00 1.477743e+00 1.508934e+00 1.538520e+00 1.566561e+00 1.593115e+00 1.618235e+00 1.641972e+00 1.664374e+00 1.685487e+00 1.705353e+00 1.724012e+00 1.741502e+00 1.757859e+00 1.773116e+00 1.787303e+00 1.800450e+00 1.812582e+00 1.823726e+00 1.833902e+00 1.843132e+00 1.851435e+00 1.858827e+00 1.865323e+00 1.870937e+00 1.875679e+00 1.879560e+00 1.882587e+00 1.884766e+00 1.886102e+00 1.886597e+00 1.886254e+00 1.885069e+00 1.883043e+00 1.880169e+00 1.876443e+00 1.871857e+00 1.866401e+00 1.860065e+00 1.852836e+00 1.844699e+00 1.835637e+00 1.825633e+00 1.814666e+00 1.802714e+00 1.789752e+00 1.775754e+00 1.760693e+00 1.744537e+00 1.727254e+00 1.708808e+00 1.689163e+00 1.668279e+00 1.646113e+00 1.622620e+00 1.597754e+00 1.571463e+00 1.543694e+00 1.514391e+00 1.483494e+00 1.450942e+00 1.416668e+00 1.380603e+00 1.342673e+00 1.302803e+00 1.269217e+00
1.280753e+00 1.345030e+00 1.431746e+00 1.514073e+00 1.592221e+00 1.666391e+00 1.736769e+00 1.803538e+00 1.866865e+00 1.926914e+00 1.983837e+00 2.037780e+00 2.088879e+00 2.137266e+00 2.183064e+00 2.226389e+00 2.267352e+00 2.306057e+00 2.342604e+00 2.377085e+00 2.409589e+00 2.440198e+00 2.468990e+00 2.496039e+00 2.521414e+00 2.545179e+00 2.567395e+00 2.588119e+00 2.607404e+00 2.625298e+00 2.641848e+00 2.657095e+00 2.671079e+00 2.683835e+00 2.695395e+00 2.705790e+00 2.715046e+00 2.723186e+00 2.730231e+00 2.736199e+00 2.741105e+00 2.744962e+00 2.747779e+00 2.749565e+00 2.750322e+00 2.750054e+00 2.748760e+00 2.746436e+00 2.743076e+00 2.738672e+00 2.733212e+00 2.726683e+00 2.719068e+00 2.710348e+00 2.700500e+00 2.689499e+00 2.677317e+00 2.663924e+00 2.649284e+00 2.633361e+00 2.616114e+00 2.597499e+00 2.577468e+00 2.555971e+00 2.532952e+00 2.508353e+00 2.482112e+00 2.451383e+00
1.017537e+00 1.051100e+00 1.082712e+00 1.113454e+00 1.143342e+00 1.172392e+00 1.200617e+00 1.228033e+00 1.254653e+00 1.280491e+00 1.305559e+00 1.329872e+00 1.353441e+00 1.376277e+00 1.398394e+00 1.419801e+00 1.440510e+00 1.460532e+00 1.479876e+00 1.498553e+00 1.516572e+00 1.533942e+00 1.550672e+00 1.566770e+00 1.582245e+00 1.597105e+00 1.611356e+00 1.625007e+00 1.638065e+00 1.650535e+00 1.662425e+00 1.673740e+00 1.684487e+00 1.694670e+00 1.704294e+00 1.713366e+00 1.721888e+00 1.729867e+00 1.737305e+00 1.744206e+00 1.750575e+00 1.756414e+00 1.761726e+00 1.766514e+00 1.770780e+00 1.774527e+00 1.777756e+00 1.780470e+00 1.782669e+00 1.784354e+00 1.785527e+00 1.786188e+00 1.786337e+00 1.785975e+00 1.785101e+00 1.783715e+00 1.781816e+00 1.779403e+00 1.776475e+00 1.773031e+00 1.769068e+00 1.764585e+00 1.759579e+00 1.754048e+00 1.747989e+00 1.741399e+00 1.734275e+00 1.726979e+00
1.594758e+00 1.575259e+00 1.552620e+00 1.530845e+00 1.509900e+00 1.489747e+00 1.470355e+00 1.451690e+00 1.433721e+00 1.416418e+00 1.399752e+00 1.383695e+00 1.368221e+00 1.353303e+00 1.338916e+00 1.325037e+00 1.311643e+00 1.298709e+00 1.286216e+00 1.274143e+00 1.262468e+00 1.251172e+00 1.240238e+00 1.229645e+00 1.219377e+00 1.209416e+00 1.199746e+00 1.190351e+00 1.181214e+00 1.172321e+00 1.163656e+00 1.155205e+00 1.146955e+00 1.138890e+00 1.130998e+00 1.123266e+00 1.115680e+00 1.108228e+00 1.100897e+00 1.093675e+00 1.086550e+00 1.079510e+00 1.072544e+00 1.065639e+00 1.058784e+00 1.051968e+00 1.045179e+00 1.038406e+00 1.031637e+00 1.024862e+00 1.018068e+00 1.011245e+00 1.004380e+00 9.974636e-01 9.904828e-01 9.834263e-01 9.762823e-01 9.690388e-01 9.616837e-01 9.542047e-01 9.465893e-01 9.388246e-01 9.308978e-01 9.227956e-01 9.145044e-01 9.060103e-01 8.972992e-01 8.898088e-01
3.832526e+00 3.882651e+00 3.932158e+00 3.979949e+00 4.026051e+00 4.070488e+00 4.113285e+00 4.154463e+00 4.194045e+00 4.232051e+00 4.268504e+00 4.303421e+00 4.336821e+00 4.368722e+00 4.399142e+00 4.428097e+00 4.455601e+00 4.481670e+00 4.506318e+00 4.529557e+00 4.551401e+00 4.571861e+00 4.590947e+00 4.608670e+00 4.625040e+00 4.640065e+00 4.653754e+00 4.666113e+00 4.677149e+00 4.686868e+00 4.695275e+00 4.702376e+00 4.708172e+00 4.712669e+00 4.715867e+00 4.717769e+00 4.718376e+00 4.717688e+00 4.715705e+00 4.712425e+00 4.707847e+00 4.701969e+00 4.694787e+00 4.686297e+00 4.676496e+00 4.665377e+00 4.652935e+00 4.639163e+00 4.624054e+00 4.607600e+00 4.589791e+00 4.570619e+00 4.550073e+00 4.528142e+00 4.504815e+00 4.480078e+00 4.453920e+00 4.426325e+00 4.397279e+00 4.366767e+00 4.334772e+00 4.301277e+00 4.266265e+00 4.229716e+00 4.191611e+00 4.151929e+00 4.110651e+00 4.050911e+00
1.249595e+00 1.253580e+00 1.257777e+00 1.261817e+00 1.265706e+00 1.269446e+00 1.273045e+00 1.276505e+00 1.279832e+00 1.283030e+00 1.286102e+00 1.289053e+00 1.291886e+00 1.294605e+00 1.297213e+00 1.299713e+00 1.302110e+00 1.304404e+00 1.306601e+00 1.308702e+00 1.310709e+00 1.312626e+00 1.314456e+00 1.316199e+00 1.317858e+00 1.319437e+00 1.320935e+00 1.322356e+00 1.323702e+00 1.324973e+00 1.326171e+00 1.327298e+00 1.328356e+00 1.329346e+00 1.330268e+00 1.331125e+00 1.331917e+00 1.332644e+00 1.333310e+00 1.333913e+00 1.334454e+00 1.334935e+00 1.335356e+00 1.335718e+00 1.336021e+00 1.336264e+00 1.336450e+00 1.336578e+00 1.336647e+00 1.336659e+00 1.336613e+00 1.336508e+00 1.336346e+00 1.336126e+00 1.335847e+00 1.335509e+00 1.335112e+00 1.334656e+00 1.334138e+00 1.333560e+00 1.332920e+00 1.332218e+00 1.331452e+00 1.330622e+00 1.329726e+00 1.328764e+00 1.327734e+00 1.326857e+00
1.928530e+00 1.915815e+00 1.897097e+00 1.879535e+00 1.863045e+00 1.847547e+00 1.832968e+00 1.819238e+00 1.806291e+00 1.794066e+00 1.782504e+00 1.771550e+00 1.761151e+00 1.751259e+00 1.741824e+00 1.732803e+00 1.724153e+00 1.715831e+00 1.707799e+00 1.700017e+00 1.692449e+00 1.685059e+00 1.677810e+00 1.670669e+00 1.663601e+00 1.656573e+00 1.649551e+00 1.642501e+00 1.635389e+00 1.628183e+00 1.620847e+00 1.613345e+00 1.605644e+00 1.597704e+00 1.589489e+00 1.580960e+00 1.572075e+00 1.562792e+00 1.553067e+00 1.542853e+00 1.532102e+00 1.520761e+00 1.508777e+00 1.496093e+00 1.482648e+00 1.468377e+00 1.453213e+00 1.437082e+00 1.419909e+00 1.401610e+00 1.382099e+00 1.361281e+00 1.339058e+00 1.315324e+00 1.289964e+00 1.262858e+00 1.233876e+00 1.202880e+00 1.169721e+00 1.134240e+00 1.096270e+00 1.055627e+00 1.012118e+00 9.655339e-01 9.156533e-01 8.622371e-01 8.050303e-01 7.666826e-01
1.817833e+00 1.828739e+00 1.834063e+00 1.839189e+00 1.844121e+00 1.848862e+00 1.853415e+00 1.857783e+00 1.861969e+00 1.865974e+00 1.869803e+00 1.873456e+00 1.876937e+00 1.880247e+00 1.883389e+00 1.886365e+00 1.889176e+00 1.891825e+00 1.894312e+00 1.896640e+00 1.898810e+00 1.900823e+00 1.902681e+00 1.904384e+00 1.905934e+00 1.907332e+00 1.908579e+00 1.909675e+00 1.910621e+00 1.911418e+00 1.912066e+00 1.912565e+00 1.912917e+00 1.913121e+00 1.913176e+00 1.913085e+00 1.912845e+00 1.912458e+00 1.911922e+00 1.911238e+00 1.910406e+00 1.909423e+00 1.908291e+00 1.907008e+00 1.905573e+00 1.903986e+00 1.902245e+00 1.900350e+00 1.898299e+00 1.896091e+00 1.893725e+00 1.891199e+00 1.888511e+00 1.885660e+00 1.882644e+00 1.879462e+00 1.876110e+00 1.872588e+00 1.868892e+00 1.865021e+00 1.860972e+00 1.856743e+00 1.852330e+00 1.847732e+00 1.842945e+00 1.837966e+00 1.832793e+00 1.816786e+00
2.589174e+00 2.552162e+00 2.527948e+00 2.504114e+00 2.480647e+00 2.457538e+00 2.434775e+00 2.412348e+00 2.390249e+00 2.368465e+00 2.346989e+00 2.325809e+00 2.304916e+00 2.284302e+00 2.263956e+00 2.243870e+00 2.224034e+00 2.204439e+00 2.185077e+00 2.165939e+00 2.147017e+00 2.128301e+00 2.109783e+00 2.091456e+00 2.073310e+00 2.055337e+00 2.037530e+00 2.019880e+00 2.002380e+00 1.985021e+00 1.967796e+00 1.950697e+00 1.933715e+00 1.916845e+00 1.900077e+00 1.883405e+00 1.866820e+00 1.850316e+00 1.833885e+00 1.817519e+00 1.801212e+00 1.784955e+00 1.768741e+00 1.752564e+00 1.736416e+00 1.720289e+00 1.704176e+00 1.688070e+00 1.671964e+00 1.655851e+00 1.639722e+00 1.623572e+00 1.607392e+00 1.591176e+00 1.574915e+00 1.558604e+00 1.542233e+00 1.525797e+00 1.509287e+00 1.492696e+00 1.476017e+00 1.459242e+00 1.442363e+00 1.425374e+00 1.408265e+00 1.391030e+00 1.373661e+00 1.335306e+00
4.375192e-01 4.236592e-01 4.074216e-01 3.921134e-01 3.776844e-01 3.640870e-01 3.512767e-01 3.392113e-01 3.278511e-01 3.171589e-01 3.070994e-01 2.976397e-01 2.887486e-01 2.803970e-01 2.725574e-01 2.652040e-01 2.583126e-01 2.518606e-01 2.458269e-01 2.401916e-01 2.349361e-01 2.300432e-01 2.254968e-01 2.212819e-01 2.173849e-01 2.137927e-01 2.104936e-01 2.074768e-01 2.047323e-01 2.022512e-01 2.000253e-01 1.980472e-01 1.963105e-01 1.948095e-01 1.935392e-01 1.924954e-01 1.916748e-01 1.910746e-01 1.906928e-01 1.905283e-01 1.905804e-01 1.908493e-01 1.913360e-01 1.920419e-01 1.929695e-01 1.941218e-01 1.955025e-01 1.971163e-01 1.989683e-01 2.010648e-01 2.034125e-01 2.060192e-01 2.088935e-01 2.120448e-01 2.154835e-01 2.192208e-01 2.232691e-01 2.276417e-01 2.323528e-01 2.374181e-01 2.428541e-01 2.486787e-01 2.549111e-01 2.615717e-01 2.686824e-01 2.762666e-01 2.843492e-01 2.907933e-01
1.970428e+00 1.996740e+00 2.020192e+00 2.043019e+00 2.065230e+00 2.086834e+00 2.107838e+00 2.128251e+00 2.148080e+00 2.167333e+00 2.186016e+00 2.204137e+00 2.221703e+00 2.238721e+00 2.255196e+00 2.271135e+00 2.286544e+00 2.301428e+00 2.315794e+00 2.329647e+00 2.342991e+00 2.355833e+00 2.368176e+00 2.380026e+00 2.391386e+00 2.402262e+00 2.412657e+00 2.422575e+00 2.432021e+00 2.440996e+00 2.449505e+00 2.457552e+00 2.465138e+00 2.472267e+00 2.478942e+00 2.485165e+00 2.490939e+00 2.496265e+00 2.501146e+00 2.505583e+00 2.509578e+00 2.513133e+00 2.516249e+00 2.518927e+00 2.521168e+00 2.522973e+00 2.524342e+00 2.525277e+00 2.525778e+00 2.525844e+00 2.525476e+00 2.524673e+00 2.523436e+00 2.521764e+00 2.519656e+00 2.517111e+00 2.514129e+00 2.510708e+00 2.506847e+00 2.502545e+00 2.497799e+00 2.492609e+00 2.486972e+00 2.480886e+00 2.474350e+00 2.467359e+00 2.459912e+00 2.449194e+00
1.841172e+00 1.737165e+00 1.579871e+00 1.437130e+00 1.307606e+00 1.190086e+00 1.083468e+00 9.867534e-01 8.990363e-01 8.194950e-01 7.473842e-01 6.820285e-01 6.228154e-01 5.691903e-01 5.206509e-01 4.767423e-01 4.370532e-01 4.012119e-01 3.688824e-01 3.397621e-01 3.135779e-01 2.900848e-01 2.690624e-01 2.503140e-01 2.336639e-01 2.189560e-01 2.060526e-01 1.948329e-01 1.851916e-01 1.770385e-01 1.702972e-01 1.649046e-01 1.608100e-01 1.579753e-01 1.563737e-01 1.559904e-01 1.568216e-01 1.588753e-01 1.621706e-01 1.667384e-01 1.726215e-01 1.798750e-01 1.885669e-01 1.987785e-01 2.106057e-01 2.241591e-01 2.395658e-01 2.569700e-01 2.765348e-01 2.984436e-01 3.229015e-01 3.501377e-01 3.804074e-01 4.139941e-01 4.512124e-01 4.924112e-01 5.379762e-01 5.883344e-01 6.439576e-01 7.053668e-01 7.731374e-01 8.479043e-01 9.303678e-01 1.021301e+00 1.121555e+00 1.232069e+00 1.353879e+00 1.429876e+00
3.254998e+00 3.142556e+00 2.971781e+00 2.815300e+00 2.671914e+00 2.540530e+00 2.420142e+00 2.309831e+00 2.208753e+00 2.116137e+00 2.031273e+00 1.953515e+00 1.882266e+00 1.816984e+00 1.757168e+00 1.702363e+00 1.652148e+00 1.606140e+00 1.563988e+00 1.525369e+00 1.489989e+00 1.457576e+00 1.427884e+00 1.400685e+00 1.375771e+00 1.352952e+00 1.332054e+00 1.312916e+00 1.295393e+00 1.279351e+00 1.264667e+00 1.251228e+00 1.238933e+00 1.227687e+00 1.217404e+00 1.208005e+00 1.199420e+00 1.191581e+00 1.184430e+00 1.177912e+00 1.171976e+00 1.166578e+00 1.161676e+00 1.157232e+00 1.153214e+00 1.149589e+00 1.146331e+00 1.143414e+00 1.140816e+00 1.138518e+00 1.136501e+00 1.134751e+00 1.133253e+00 1.131997e+00 1.130973e+00 1.130173e+00 1.129591e+00 1.129223e+00 1.129065e+00 1.129116e+00 1.129378e+00 1.129851e+00 1.130540e+00 1.131450e+00 1.132587e+00 1.133961e+00 1.135581e+00 1.136745e+00
2.913647e+00 3.034610e+00 3.161389e+00 3.284862e+00 3.405060e+00 3.522011e+00 3.635742e+00 3.746281e+00 3.853653e+00 3.957885e+00 4.059000e+00 4.157024e+00 4.251978e+00 4.343886e+00 4.432769e+00 4.518648e+00 4.601545e+00 4.681477e+00 4.758465e+00 4.832526e+00 4.903678e+00 4.971938e+00 5.037323e+00 5.099846e+00 5.159525e+00 5.216371e+00 5.270400e+00 5.321623e+00 5.370054e+00 5.415703e+00 5.458581e+00 5.498698e+00 5.536064e+00 5.570688e+00 5.602578e+00 5.631741e+00 5.658185e+00 5.681916e+00 5.702938e+00 5.721258e+00 5.736880e+00 5.749807e+00 5.760042e+00 5.767588e+00 5.772447e+00 5.774619e+00 5.774106e+00 5.770906e+00 5.765020e+00 5.756446e+00 5.745182e+00 5.731225e+00 5.714573e+00 5.695220e+00 5.673162e+00 5.648395e+00 5.620912e+00 5.590707e+00 5.557773e+00 5.522102e+00 5.483685e+00 5.442513e+00 5.398577e+00 5.351866e+00 5.302369e+00 5.250074e+00 5.194970e+00 5.103713e+00
3.772743e+00 3.730840e+00 3.676118e+00 3.624708e+00 3.576390e+00 3.530955e+00 3.488208e+00 3.447967e+00 3.410059e+00 3.374320e+00 3.340598e+00 3.308748e+00 3.278633e+00 3.250123e+00 3.223097e+00 3.197439e+00 3.173038e+00 3.149790e+00 3.127595e+00 3.106357e+00 3.085986e+00 3.066394e+00 3.047497e+00 3.029214e+00 3.011467e+00 2.994178e+00 2.977275e+00 2.960685e+00 2.944336e+00 2.928158e+00 2.912082e+00 2.896038e+00 2.879959e+00 2.863775e+00 2.847416e+00 2.830812e+00 2.813892e+00 2.796584e+00 2.778813e+00 2.760503e+00 2.741575e+00 2.721948e+00 2.701538e+00 2.680257e+00 2.658014e+00 2.634714e+00 2.610256e+00 2.584536e+00 2.557443e+00 2.528860e+00 2.498666e+00 2.466730e+00 2.432916e+00 2.397079e+00 2.359064e+00 2.318708e+00 2.275839e+00 2.230273e+00 2.181813e+00 2.130252e+00 2.075368e+00 2.016926e+00 1.954676e+00 1.888350e+00 1.817663e+00 1.742312e+00 1.661974e+00 1.603755e+00
1.141156e+00 1.126310e+00 1.109599e+00 1.093742e+00 1.078703e+00 1.064450e+00 1.050950e+00 1.038173e+00 1.026092e+00 1.014680e+00 1.003910e+00 9.937599e-01 9.842065e-01 9.752288e-01 9.668069e-01 9.589220e-01 9.515566e-01 9.446946e-01 9.383207e-01 9.324206e-01 9.269815e-01 9.219911e-01 9.174385e-01 9.133135e-01 9.096070e-01 9.063108e-01 9.034176e-01 9.009210e-01 8.988154e-01 8.970962e-01 8.957595e-01 8.948025e-01 8.942229e-01 8.940195e-01 8.941918e-01 8.947403e-01 8.956661e-01 8.969713e-01 8.986588e-01 9.007323e-01 9.031964e-01 9.060566e-01 9.093192e-01 9.129915e-01 9.170816e-01 9.215985e-01 9.265523e-01 9.319540e-01 9.378154e-01 9.441497e-01 9.509709e-01 9.582940e-01 9.661353e-01 9.745122e-01 9.834433e-01 9.929483e-01 1.003048e+00 1.013766e+00 1.025124e+00 1.037149e+00 1.049867e+00 1.063306e+00 1.077497e+00 1.092469e+00 1.108257e+00 1.124896e+00 1.142422e+00 1.158531e+00
3.970679e+00 3.954902e+00 3.949014e+00 3.943307e+00 3.937779e+00 3.932427e+00 3.927249e+00 3.922241e+00 3.917401e+00 3.912727e+00 3.908216e+00 3.903867e+00 3.899676e+00 3.895642e+00 3.891763e+00 3.888037e+00 3.884461e+00 3.881035e+00 3.877756e+00 3.874623e+00 3.871634e+00 3.868788e+00 3.866083e+00 3.863518e+00 3.861091e+00 3.858802e+00 3.856649e+00 3.854631e+00 3.852747e+00 3.850997e+00 3.849378e+00 3.847892e+00 3.846535e+00 3.845309e+00 3.844213e+00 3.843245e+00 3.842405e+00 3.841694e+00 3.841110e+00 3.840653e+00 3.840324e+00 3.840121e+00 3.840045e+00 3.840096e+00 3.840274e+00 3.840579e+00 3.841010e+00 3.841569e+00 3.842256e+00 3.843070e+00 3.844012e+00 3.845084e+00 3.846284e+00 3.847615e+00 3.849076e+00 3.850668e+00 3.852393e+00 3.854251e+00 3.856242e+00 3.858368e+00 3.860631e+00 3.863030e+00 3.865568e+00 3.868245e+00 3.871064e+00 3.874025e+00 3.877129e+00 3.884892e+00
9.609354e-01 9.387956e-01 9.195977e-01 9.015281e-01 8.845604e-01 8.686695e-01 8.538322e-01 8.400267e-01 8.272326e-01 8.154312e-01 8.046051e-01 7.947384e-01 7.858166e-01 7.778266e-01 7.707566e-01 7.645963e-01 7.593366e-01 7.549698e-01 7.514895e-01 7.488905e-01 7.471690e-01 7.463226e-01 7.463499e-01 7.472510e-01 7.490272e-01 7.516811e-01 7.552167e-01 7.596391e-01 7.649548e-01 7.711717e-01 7.782988e-01 7.863467e-01 7.953272e-01 8.052534e-01 8.161400e-01 8.280029e-01 8.408596e-01 8.547290e-01 8.696315e-01 8.855889e-01 9.026248e-01 9.207641e-01 9.400335e-01 9.604613e-01 9.820776e-01 1.004914e+00 1.029004e+00 1.054384e+00 1.081090e+00 1.109161e+00 1.138640e+00 1.169568e+00 1.201993e+00 1.235961e+00 1.271522e+00 1.308729e+00 1.347636e+00 1.388300e+00 1.430782e+00 1.475143e+00 1.521449e+00 1.569768e+00 1.620170e+00 1.672731e+00 1.727527e+00 1.784638e+00 1.844149e+00 1.893681e+00
3.529304e+00 3.662641e+00 3.857536e+00 4.045397e+00 4.226310e+00 4.400361e+00 4.567628e+00 4.728191e+00 4.882122e+00 5.029493e+00 5.170373e+00 5.304826e+00 5.432915e+00 5.554699e+00 5.670235e+00 5.779575e+00 5.882770e+00 5.979869e+00 6.070916e+00 6.155953e+00 6.235019e+00 6.308152e+00 6.375384e+00 6.436748e+00 6.492271e+00 6.541979e+00 6.585895e+00 6.624040e+00 6.656430e+00 6.683082e+00 6.704007e+00 6.719216e+00 6.728714e+00 6.732507e+00 6.730597e+00 6.722981e+00 6.709658e+00 6.690620e+00 6.665859e+00 6.635364e+00 6.599120e+00 6.557111e+00 6.509316e+00 6.455715e+00 6.396282e+00 6.330990e+00 6.259808e+00 6.182703e+00 6.099641e+00 6.010582e+00 5.915486e+00 5.814307e+00 5.707000e+00 5.593515e+00 5.473799e+00 5.347797e+00 5.215451e+00 5.076699e+00 4.931478e+00 4.779719e+00 4.621353e+00 4.456306e+00 4.284503e+00 4.105863e+00 3.920305e+00 3.727741e+00 3.528084e+00 3.397757e+00
7.917829e-01 8.355929e-01 9.008104e-01 9.618783e-01 1.019086e+00 1.072706e+00 1.122991e+00 1.170181e+00 1.214498e+00 1.256154e+00 1.295346e+00 1.332260e+00 1.367070e+00 1.399942e+00 1.431032e+00 1.460487e+00 1.488447e+00 1.515045e+00 1.540406e+00 1.564651e+00 1.587896e+00 1.610249e+00 1.631818e+00 1.652704e+00 1.673007e+00 1.692823e+00 1.712245e+00 1.731367e+00 1.750278e+00 1.769069e+00 1.787828e+00 1.806645e+00 1.825608e+00 1.844808e+00 1.864335e+00 1.884283e+00 1.904746e+00 1.925821e+00 1.947608e+00 1.970210e+00 1.993734e+00 2.018293e+00 2.044002e+00 2.070983e+00 2.099365e+00 2.129282e+00 2.160876e+00 2.194297e+00 2.229702e+00 2.267262e+00 2.307152e+00 2.349563e+00 2.394695e+00 2.442763e+00 2.493995e+00 2.548634e+00 2.606938e+00 2.669185e+00 2.735670e+00 2.806707e+00 2.882634e+00 2.963811e+00 3.050623e+00 3.143481e+00 3.242827e+00 3.349130e+00 3.462897e+00 3.557815e+00
1.827201e+00 1.849564e+00 1.866260e+00 1.882351e+00 1.897849e+00 1.912765e+00 1.927111e+00 1.940898e+00 1.954136e+00 1.966834e+00 1.979003e+00 1.990651e+00 2.001787e+00 2.012419e+00 2.022555e+00 2.032203e+00 2.041370e+00 2.050063e+00 2.058289e+00 2.066052e+00 2.073360e+00 2.080218e+00 2.086631e+00 2.092603e+00 2.098139e+00 2.103244e+00 2.107920e+00 2.112173e+00 2.116003e+00 2.119416e+00 2.122412e+00 2.124995e+00 2.127166e+00 2.128927e+00 2.130280e+00 2.131224e+00 2.131761e+00 2.131892e+00 2.131616e+00 2.130934e+00 2.129844e+00 2.128346e+00 2.126439e+00 2.124121e+00 2.121390e+00 2.118246e+00 2.114684e+00 2.110704e+00 2.106300e+00 2.101471e+00 2.096213e+00 2.090522e+00 2.084393e+00 2.077822e+00 2.070804e+00 2.063334e+00 2.055406e+00 2.047015e+00 2.038153e+00 2.028816e+00 2.018994e+00 2.008682e+00 1.997871e+00 1.986553e+00 1.974720e+00 1.962364e+00 1.949474e+00 1.918859e+00
1.257304e+00 1.248878e+00 1.244404e+00 1.239973e+00 1.235584e+00 1.231233e+00 1.226919e+00 1.222640e+00 1.218393e+00 1.214177e+00 1.209989e+00 1.205828e+00 1.201691e+00 1.197576e+00 1.193482e+00 1.189407e+00 1.185347e+00 1.181302e+00 1.177270e+00 1.173248e+00 1.169235e+00 1.165228e+00 1.161226e+00 1.157226e+00 1.153227e+00 1.149227e+00 1.145224e+00 1.141216e+00 1.137201e+00 1.133176e+00 1.129141e+00 1.125093e+00 1.121030e+00 1.116950e+00 1.112851e+00 1.108731e+00 1.104588e+00 1.100420e+00 1.096226e+00 1.092002e+00 1.087748e+00 1.083460e+00 1.079137e+00 1.074777e+00 1.070377e+00 1.065936e+00 1.061451e+00 1.056920e+00 1.052341e+00 1.047712e+00 1.043030e+00 1.038293e+00 1.033499e+00 1.028645e+00 1.023730e+00 1.018750e+00 1.013703e+00 1.008588e+00 1.003400e+00 9.981388e-01 9.928006e-01 9.873829e-01 9.818832e-01 9.762989e-01 9.706272e-01 9.648653e-01 9.590105e-01 9.526993e-01
1.053671e+00 1.142673e+00 1.226644e+00 1.304919e+00 1.377887e+00 1.445909e+00 1.509323e+00 1.568444e+00 1.623565e+00 1.674960e+00 1.722883e+00 1.767574e+00 1.809253e+00 1.848127e+00 1.884389e+00 1.918220e+00 1.949786e+00 1.979245e+00 2.006744e+00 2.032417e+00 2.056393e+00 2.078792e+00 2.099723e+00 2.119290e+00 2.137592e+00 2.154719e+00 2.170755e+00 2.185780e+00 2.199870e+00 2.213093e+00 2.225516e+00 2.237199e+00 2.248202e+00 2.258579e+00 2.268380e+00 2.277656e+00 2.286451e+00 2.294810e+00 2.302773e+00 2.310381e+00 2.317672e+00 2.324681e+00 2.331443e+00 2.337992e+00 2.344360e+00 2.350579e+00 2.356679e+00 2.362692e+00 2.368646e+00 2.374572e+00 2.380499e+00 2.386456e+00 2.392473e+00 2.398579e+00 2.404805e+00 2.411182e+00 2.417742e+00 2.424516e+00 2.431540e+00 2.438846e+00 2.446473e+00 2.454457e+00 2.462839e+00 2.471659e+00 2.480962e+00 2.490793e+00 2.501203e+00 2.509963e+00
1.015150e+00 1.022016e+00 1.031353e+00 1.040013e+00 1.048038e+00 1.055464e+00 1.062327e+00 1.068659e+00 1.074490e+00 1.079848e+00 1.084758e+00 1.089243e+00 1.093323e+00 1.097019e+00 1.100348e+00 1.103326e+00 1.105966e+00 1.108281e+00 1.110282e+00 1.111978e+00 1.113377e+00 1.114487e+00 1.115312e+00 1.115855e+00 1.116121e+00 1.116109e+00 1.115820e+00 1.115252e+00 1.114404e+00 1.113270e+00 1.111845e+00 1.110123e+00 1.108096e+00 1.105754e+00 1.103085e+00 1.100078e+00 1.096719e+00 1.092991e+00 1.088876e+00 1.084356e+00 1.079409e+00 1.074012e+00 1.068139e+00 1.061763e+00 1.054853e+00 1.047377e+00 1.039300e+00 1.030584e+00 1.021187e+00 1.011065e+00 1.000171e+00 9.884526e-01 9.758554e-01 9.623195e-01 9.477813e-01 9.321722e-01 9.154185e-01 8.974413e-01 8.781557e-01 8.574709e-01 8.352893e-01 8.115064e-01 7.860098e-01 7.586795e-01 7.293866e-01 6.979929e-01 6.643504e-01 6.358691e-01
3.807740e+00 3.727819e+00 3.620783e+00 3.518631e+00 3.421131e+00 3.328063e+00 3.239218e+00 3.154395e+00 3.073402e+00 2.996056e+00 2.922183e+00 2.851616e+00 2.784195e+00 2.719769e+00 2.658191e+00 2.599323e+00 2.543032e+00 2.489191e+00 2.437678e+00 2.388377e+00 2.341177e+00 2.295970e+00 2.252656e+00 2.211135e+00 2.171315e+00 2.133106e+00 2.096420e+00 2.061176e+00 2.027293e+00 1.994696e+00 1.963310e+00 1.933066e+00 1.903893e+00 1.875727e+00 1.848505e+00 1.822163e+00 1.796644e+00 1.771889e+00 1.747843e+00 1.724451e+00 1.701660e+00 1.679420e+00 1.657679e+00 1.636388e+00 1.615501e+00 1.594968e+00 1.574745e+00 1.554785e+00 1.535044e+00 1.515476e+00 1.496038e+00 1.476685e+00 1.457375e+00 1.438062e+00 1.418705e+00 1.399258e+00 1.379679e+00 1.359923e+00 1.339944e+00 1.319700e+00 1.299142e+00 1.278226e+00 1.256903e+00 1.235127e+00 1.212846e+00 1.190012e+00 1.166573e+00 1.140597e+00
2.558359e+00 2.566488e+00 2.571416e+00 2.576274e+00 2.581067e+00 2.585798e+00 2.590470e+00 2.595087e+00 2.599650e+00 2.604164e+00 2.608631e+00 2.613055e+00 2.617439e+00 2.621785e+00 2.626097e+00 2.630377e+00 2.634629e+00 2.638855e+00 2.643058e+00 2.647241e+00 2.651407e+00 2.655559e+00 2.659699e+00 2.663831e+00 2.667957e+00 2.672080e+00 2.676203e+00 2.680328e+00 2.684459e+00 2.688598e+00 2.692749e+00 2.696913e+00 2.701094e+00 2.705295e+00 2.709518e+00 2.713767e+00 2.718044e+00 2.722352e+00 2.726694e+00 2.731073e+00 2.735493e+00 2.739955e+00 2.744464e+00 2.749022e+00 2.753632e+00 2.758298e+00 2.763022e+00 2.767808e+00 2.772659e+00 2.777579e+00 2.782571e+00 2.787637e+00 2.792783e+00 2.798010e+00 2.803324e+00 2.808726e+00 2.814222e+00 2.819815e+00 2.825508e+00 2.831306e+00 2.837212e+00 2.843230e+00 2.849365e+00 2.855621e+00 2.862002e+00 2.868512e+00 2.875157e+00 2.881666e+00
5.761297e-01 5.699211e-01 5.678747e-01 5.660882e-01 5.645588e-01 5.632842e-01 5.622626e-01 5.614925e-01 5.609726e-01 5.607022e-01 5.606809e-01 5.609087e-01 5.613860e-01 5.621133e-01 5.630919e-01 5.643231e-01 5.658089e-01 5.675513e-01 5.695531e-01 5.718171e-01 5.743469e-01 5.771460e-01 5.802188e-01 5.835697e-01 5.872039e-01 5.911266e-01 5.953437e-01 5.998616e-01 6.046869e-01 6.098268e-01 6.152891e-01 6.210818e-01 6.272135e-01 6.336934e-01 6.405312e-01 6.477370e-01 6.553215e-01 6.632962e-01 6.716728e-01 6.804638e-01 6.896823e-01 6.993421e-01 7.094576e-01 7.200437e-01 7.311164e-01 7.426920e-01 7.547879e-01 7.674220e-01 7.806132e-01 7.943811e-01 8.087463e-01 8.237300e-01 8.393548e-01 8.556438e-01 8.726212e-01 8.903125e-01 9.087439e-01 9.279429e-01 9.479381e-01 9.687594e-01 9.904376e-01 1.013005e+00 1.036496e+00 1.060944e+00 1.086387e+00 1.112862e+00 1.140409e+00 1.213466e+00
1.935924e+00 1.916567e+00 1.894549e+00 1.873347e+00 1.852924e+00 1.833249e+00 1.814288e+00 1.796011e+00 1.778386e+00 1.761386e+00 1.744981e+00 1.729146e+00 1.713854e+00 1.699079e+00 1.684798e+00 1.670987e+00 1.657622e+00 1.644683e+00 1.632148e+00 1.619996e+00 1.608207e+00 1.596762e+00 1.585642e+00 1.574828e+00 1.564303e+00 1.554050e+00 1.544050e+00 1.534289e+00 1.524750e+00 1.515417e+00 1.506275e+00 1.497309e+00 1.488504e+00 1.479846e+00 1.471319e+00 1.462911e+00 1.454607e+00 1.446394e+00 1.438258e+00 1.430186e+00 1.422164e+00 1.414180e+00 1.406220e+00 1.398270e+00 1.390319e+00 1.382352e+00 1.374357e+00 1.366320e+00 1.358229e+00 1.350070e+00 1.341829e+00 1.333493e+00 1.325048e+00 1.316480e+00 1.307776e+00 1.298920e+00 1.289899e+00 1.280697e+00 1.271299e+00 1.261690e+00 1.251854e+00 1.241774e+00 1.231435e+00 1.220818e+00 1.209907e+00 1.198684e+00 1.187130e+00 1.153690e+00
2.079018e+00 2.059324e+00 2.040285e+00 2.022351e+00 2.005450e+00 1.989515e+00 1.974481e+00 1.960289e+00 1.946879e+00 1.934200e+00 1.922199e+00 1.910828e+00 1.900042e+00 1.889797e+00 1.880051e+00 1.870766e+00 1.861905e+00 1.853431e+00 1.845310e+00 1.837510e+00 1.829999e+00 1.822747e+00 1.815724e+00 1.808904e+00 1.802257e+00 1.795758e+00 1.789380e+00 1.783097e+00 1.776885e+00 1.770717e+00 1.764570e+00 1.758419e+00 1.752238e+00 1.746003e+00 1.739689e+00 1.733270e+00 1.726721e+00 1.720015e+00 1.713125e+00 1.706023e+00 1.698681e+00 1.691070e+00 1.683158e+00 1.674913e+00 1.666303e+00 1.657294e+00 1.647847e+00 1.637926e+00 1.627491e+00 1.616500e+00 1.604907e+00 1.592668e+00 1.579731e+00 1.566046e+00 1.551557e+00 1.536206e+00 1.519931e+00 1.502666e+00 1.484343e+00 1.464886e+00 1.444218e+00 1.422256e+00 1.398911e+00 1.374089e+00 1.347691e+00 1.319609e+00 1.289731e+00 1.260157e+00
1.819837e+00 1.806732e+00 1.797571e+00 1.788758e+00 1.780280e+00 1.772123e+00 1.764276e+00 1.756726e+00 1.749461e+00 1.742472e+00 1.735747e+00 1.729276e+00 1.723049e+00 1.717058e+00 1.711292e+00 1.705743e+00 1.700402e+00 1.695263e+00 1.690316e+00 1.685554e+00 1.680970e+00 1.676558e+00 1.672310e+00 1.668220e+00 1.664281e+00 1.660489e+00 1.656836e+00 1.653318e+00 1.649930e+00 1.646665e+00 1.643520e+00 1.640488e+00 1.637567e+00 1.634751e+00 1.632036e+00 1.629418e+00 1.626893e+00 1.624457e+00 1.622107e+00 1.619839e+00 1.617649e+00 1.615534e+00 1.613491e+00 1.611517e+00 1.609609e+00 1.607764e+00 1.605979e+00 1.604252e+00 1.602580e+00 1.600959e+00 1.599389e+00 1.597866e+00 1.596389e+00 1.594954e+00 1.593560e+00 1.592205e+00 1.590886e+00 1.589602e+00 1.588351e+00 1.587130e+00 1.585938e+00 1.584774e+00 1.583635e+00 1.582519e+00 1.581426e+00 1.580352e+00 1.579298e+00 1.578425e+00
1.157668e+00 1.118152e+00 1.070058e+00 1.024600e+00 9.816354e-01 9.410286e-01 9.026515e-01 8.663832e-01 8.321093e-01 7.997218e-01 7.691187e-01 7.402035e-01 7.128850e-01 6.870771e-01 6.626985e-01 6.396724e-01 6.179262e-01 5.973912e-01 5.780029e-01 5.597001e-01 5.424251e-01 5.261235e-01 5.107438e-01 4.962376e-01 4.825593e-01 4.696656e-01 4.575159e-01 4.460719e-01 4.352976e-01 4.251591e-01 4.156242e-01 4.066631e-01 3.982474e-01 3.903507e-01 3.829479e-01 3.760159e-01 3.695328e-01 3.634780e-01 3.578326e-01 3.525787e-01 3.476998e-01 3.431806e-01 3.390066e-01 3.351649e-01 3.316433e-01 3.284307e-01 3.255169e-01 3.228928e-01 3.205502e-01 3.184816e-01 3.166804e-01 3.151412e-01 3.138589e-01 3.128295e-01 3.120498e-01 3.115174e-01 3.112305e-01 3.111883e-01 3.113907e-01 3.118381e-01 3.125322e-01 3.134750e-01 3.146695e-01 3.161196e-01 3.178297e-01 3.198052e-01 3.220525e-01 3.253938e-01
1.081728e+00 1.022858e+00 9.977241e-01 9.735644e-01 9.503465e-01 9.280398e-01 9.066148e-01 8.860431e-01 8.662974e-01 8.473517e-01 8.291809e-01 8.117609e-01 7.950687e-01 7.790821e-01 7.637801e-01 7.491424e-01 7.351495e-01 7.217831e-01 7.090253e-01 6.968593e-01 6.852691e-01 6.742392e-01 6.637551e-01 6.538029e-01 6.443695e-01 6.354423e-01 6.270095e-01 6.190599e-01 6.115832e-01 6.045693e-01 5.980089e-01 5.918935e-01 5.862148e-01 5.809654e-01 5.761384e-01 5.717273e-01 5.677263e-01 5.641302e-01 5.609341e-01 5.581338e-01 5.557256e-01 5.537064e-01 5.520734e-01 5.508245e-01 5.499581e-01 5.494730e-01 5.493685e-01 5.496446e-01 5.503015e-01 5.513402e-01 5.527620e-01 5.545689e-01 5.567631e-01 5.593476e-01 5.623259e-01 5.657019e-01 5.694799e-01 5.736651e-01 5.782630e-01 5.832797e-01 5.887217e-01 5.945963e-01 6.009113e-01 6.076751e-01 6.148965e-01 6.225852e-01 6.307513e-01 6.389244e-01
1.932210e+00 1.937427e+00 1.943423e+00 1.949050e+00 1.954317e+00 1.959230e+00 1.963794e+00 1.968015e+00 1.971899e+00 1.975450e+00 1.978672e+00 1.981570e+00 1.984147e+00 1.986407e+00 1.988351e+00 1.989983e+00 1.991304e+00 1.992316e+00 1.993021e+00 1.993418e+00 1.993510e+00 1.993295e+00 1.992773e+00 1.991945e+00 1.990808e+00 1.989361e+00 1.987604e+00 1.985533e+00 1.983145e+00 1.980439e+00 1.977411e+00 1.974056e+00 1.970371e+00 1.966352e+00 1.961993e+00 1.957289e+00 1.952234e+00 1.946823e+00 1.941047e+00 1.934901e+00 1.928377e+00 1.921466e+00 1.914161e+00 1.906452e+00 1.898330e+00 1.889784e+00 1.880805e+00 1.871381e+00 1.861500e+00 1.851152e+00 1.840322e+00 1.828997e+00 1.817165e+00 1.804809e+00 1.791915e+00 1.778467e+00 1.764449e+00 1.749842e+00 1.734631e+00 1.718795e+00 1.702315e+00 1.685171e+00 1.667341e+00 1.648805e+00 1.629539e+00 1.609520e+00 1.588722e+00 1.562715e+00
1.347036e+00 1.331102e+00 1.313460e+00 1.296476e+00 1.280139e+00 1.264442e+00 1.249374e+00 1.234928e+00 1.221095e+00 1.207867e+00 1.195236e+00 1.183196e+00 1.171739e+00 1.160859e+00 1.150550e+00 1.140806e+00 1.131620e+00 1.122989e+00 1.114907e+00 1.107370e+00 1.100373e+00 1.093911e+00 1.087983e+00 1.082583e+00 1.077710e+00 1.073359e+00 1.069530e+00 1.066219e+00 1.063424e+00 1.061145e+00 1.059379e+00 1.058126e+00 1.057386e+00 1.057156e+00 1.057439e+00 1.058233e+00 1.059539e+00 1.061358e+00 1.063690e+00 1.066538e+00 1.069903e+00 1.073787e+00 1.078191e+00 1.083119e+00 1.088574e+00 1.094558e+00 1.101074e+00 1.108127e+00 1.115721e+00 1.123860e+00 1.132548e+00 1.141791e+00 1.151594e+00 1.161962e+00 1.172902e+00 1.184419e+00 1.196520e+00 1.209212e+00 1.222503e+00 1.236399e+00 1.250910e+00 1.266042e+00 1.281806e+00 1.298209e+00 1.315261e+00 1.332972e+00 1.351353e+00 1.371175e+00
5.062599e-01 5.115034e-01 5.144456e-01 5.173800e-01 5.203079e-01 5.232302e-01 5.261483e-01 5.290633e-01 5.319764e-01 5.348886e-01 5.378013e-01 5.407154e-01 5.436323e-01 5.465530e-01 5.494787e-01 5.524106e-01 5.553499e-01 5.582977e-01 5.612552e-01 5.642236e-01 5.672040e-01 5.701977e-01 5.732058e-01 5.762296e-01 5.792702e-01 5.823288e-01 5.854068e-01 5.885052e-01 5.916254e-01 5.947686e-01 5.979360e-01 6.011289e-01 6.043485e-01 6.075962e-01 6.108733e-01 6.141810e-01 6.175207e-01 6.208936e-01 6.243013e-01 6.277449e-01 6.312259e-01 6.347456e-01 6.383055e-01 6.419070e-01 6.455516e-01 6.492405e-01 6.529755e-01 6.567578e-01 6.605891e-01 6.644709e-01 6.684046e-01 6.723920e-01 6.764345e-01 6.805337e-01 6.846914e-01 6.889092e-01 6.931887e-01 6.975316e-01 7.019398e-01 7.064149e-01 7.109586e-01 7.155730e-01 7.202597e-01 7.250206e-01 7.298577e-01 7.347729e-01 7.397680e-01 7.475307e-01
1.676374e+00 1.659467e+00 1.641312e+00 1.623819e+00 1.606964e+00 1.590724e+00 1.575078e+00 1.560004e+00 1.545482e+00 1.531491e+00 1.518014e+00 1.505031e+00 1.492525e+00 1.480480e+00 1.468878e+00 1.457704e+00 1.446944e+00 1.436581e+00 1.426603e+00 1.416995e+00 1.407745e+00 1.398840e+00 1.390269e+00 1.382018e+00 1.374078e+00 1.366438e+00 1.359086e+00 1.352013e+00 1.345210e+00 1.338668e+00 1.332376e+00 1.326328e+00 1.320514e+00 1.314927e+00 1.309559e+00 1.304404e+00 1.299453e+00 1.294700e+00 1.290139e+00 1.285764e+00 1.281568e+00 1.277546e+00 1.273693e+00 1.270003e+00 1.266471e+00 1.263093e+00 1.259863e+00 1.256778e+00 1.253834e+00 1.251025e+00 1.248350e+00 1.245803e+00 1.243381e+00 1.241082e+00 1.238902e+00 1.236837e+00 1.234886e+00 1.233046e+00 1.231314e+00 1.229687e+00 1.228164e+00 1.226743e+00 1.225421e+00 1.224197e+00 1.223069e+00 1.222036e+00 1.221096e+00 1.220202e+00
1.850559e+00 1.865333e+00 1.883811e+00 1.901252e+00 1.917688e+00 1.933147e+00 1.947656e+00 1.961242e+00 1.973927e+00 1.985736e+00 1.996687e+00 2.006801e+00 2.016096e+00 2.024588e+00 2.032291e+00 2.039220e+00 2.045387e+00 2.050803e+00 2.055476e+00 2.059416e+00 2.062629e+00 2.065121e+00 2.066896e+00 2.067958e+00 2.068309e+00 2.067948e+00 2.066876e+00 2.065090e+00 2.062588e+00 2.059364e+00 2.055414e+00 2.050730e+00 2.045304e+00 2.039126e+00 2.032186e+00 2.024471e+00 2.015968e+00 2.006661e+00 1.996535e+00 1.985571e+00 1.973751e+00 1.961052e+00 1.947453e+00 1.932930e+00 1.917458e+00 1.901008e+00 1.883552e+00 1.865059e+00 1.845497e+00 1.824831e+00 1.803024e+00 1.780038e+00 1.755833e+00 1.730366e+00 1.703591e+00 1.675462e+00 1.645930e+00 1.614941e+00 1.582441e+00 1.548374e+00 1.512678e+00 1.475292e+00 1.436148e+00 1.395178e+00 1.352310e+00 1.307468e+00 1.260573e+00 1.219014e+00
1.356345e+00 1.350060e+00 1.343982e+00 1.338277e+00 1.332940e+00 1.327964e+00 1.323342e+00 1.319070e+00 1.315141e+00 1.311552e+00 1.308297e+00 1.305374e+00 1.302777e+00 1.300505e+00 1.298554e+00 1.296922e+00 1.295608e+00 1.294608e+00 1.293923e+00 1.293552e+00 1.293493e+00 1.293747e+00 1.294315e+00 1.295196e+00 1.296393e+00 1.297906e+00 1.299737e+00 1.301888e+00 1.304363e+00 1.307164e+00 1.310294e+00 1.313757e+00 1.317558e+00 1.321702e+00 1.326192e+00 1.331035e+00 1.336236e+00 1.341802e+00 1.347739e+00 1.354055e+00 1.360758e+00 1.367855e+00 1.375355e+00 1.383268e+00 1.391602e+00 1.400368e+00 1.409577e+00 1.419239e+00 1.429367e+00 1.439973e+00 1.451069e+00 1.462669e+00 1.474788e+00 1.487439e+00 1.500638e+00 1.514402e+00 1.528746e+00 1.543689e+00 1.559248e+00 1.575443e+00 1.592292e+00 1.609817e+00 1.628038e+00 1.646978e+00 1.666660e+00 1.687108e+00 1.708345e+00 1.729806e+00
2.324353e+00 2.325457e+00 2.326701e+00 2.327869e+00 2.328961e+00 2.329981e+00 2.330927e+00 2.331802e+00 2.332606e+00 2.333340e+00 2.334005e+00 2.334601e+00 2.335129e+00 2.335590e+00 2.335983e+00 2.336310e+00 2.336571e+00 2.336765e+00 2.336893e+00 2.336956e+00 2.336953e+00 2.336884e+00 2.336749e+00 2.336549e+00 2.336282e+00 2.335949e+00 2.335550e+00 2.335083e+00 2.334548e+00 2.333946e+00 2.333275e+00 2.332534e+00 2.331723e+00 2.330842e+00 2.329888e+00 2.328862e+00 2.327762e+00 2.326588e+00 2.325337e+00 2.324009e+00 2.322603e+00 2.321116e+00 2.319548e+00 2.317898e+00 2.316162e+00 2.314340e+00 2.312430e+00 2.310430e+00 2.308338e+00 2.306152e+00 2.303870e+00 2.301489e+00 2.299007e+00 2.296422e+00 2.293731e+00 2.290931e+00 2.288020e+00 2.284994e+00 2.281852e+00 2.278589e+00 2.275202e+00 2.271689e+00 2.268044e+00 2.264266e+00 2.260350e+00 2.256293e+00 2.252089e+00 2.240830e+00
1.446882e+00 1.445903e+00 1.444516e+00 1.443279e+00 1.442190e+00 1.441246e+00 1.440444e+00 1.439783e+00 1.439261e+00 1.438877e+00 1.438630e+00 1.438520e+00 1.438545e+00 1.438706e+00 1.439004e+00 1.439439e+00 1.440013e+00 1.440726e+00 1.441580e+00 1.442578e+00 1.443722e+00 1.445014e+00 1.446458e+00 1.448058e+00 1.449817e+00 1.451740e+00 1.453830e+00 1.456094e+00 1.458537e+00 1.461165e+00 1.463984e+00 1.467001e+00 1.470223e+00 1.473659e+00 1.477317e+00 1.481205e+00 1.485333e+00 1.489711e+00 1.494350e+00 1.499261e+00 1.504456e+00 1.509947e+00 1.515749e+00 1.521875e+00 1.528341e+00 1.535161e+00 1.542353e+00 1.549934e+00 1.557922e+00 1.566337e+00 1.575200e+00 1.584532e+00 1.594356e+00 1.604696e+00 1.615577e+00 1.627025e+00 1.639069e+00 1.651737e+00 1.665061e+00 1.679074e+00 1.693808e+00 1.709301e+00 1.725590e+00 1.742714e+00 1.760716e+00 1.779639e+00 1.799529e+00 1.814111e+00
1.593831e+00 1.591231e+00 1.590111e+00 1.589190e+00 1.588467e+00 1.587942e+00 1.587613e+00 1.587480e+00 1.587544e+00 1.587804e+00 1.588261e+00 1.588914e+00 1.589766e+00 1.590816e+00 1.592065e+00 1.593514e+00 1.595165e+00 1.597019e+00 1.599078e+00 1.601343e+00 1.603817e+00 1.606501e+00 1.609398e+00 1.612511e+00 1.615841e+00 1.619393e+00 1.623169e+00 1.627172e+00 1.631406e+00 1.635875e+00 1.640582e+00 1.645532e+00 1.650729e+00 1.656177e+00 1.661881e+00 1.667847e+00 1.674079e+00 1.680582e+00 1.687363e+00 1.694427e+00 1.701781e+00 1.709430e+00 1.717382e+00 1.725644e+00 1.734222e+00 1.743124e+00 1.752358e+00 1.761932e+00 1.771854e+00 1.782133e+00 1.792778e+00 1.803798e+00 1.815202e+00 1.827001e+00 1.839205e+00 1.851824e+00 1.864870e+00 1.878354e+00 1.892287e+00 1.906682e+00 1.921551e+00 1.936908e+00 1.952764e+00 1.969136e+00 1.986035e+00 2.003478e+00 2.021480e+00 2.045813e+00
1.516180e+00 1.586761e+00 1.640175e+00 1.691031e+00 1.739454e+00 1.785568e+00 1.829488e+00 1.871325e+00 1.911182e+00 1.949162e+00 1.985358e+00 2.019861e+00 2.052759e+00 2.084134e+00 2.114065e+00 2.142627e+00 2.169891e+00 2.195926e+00 2.220798e+00 2.244568e+00 2.267298e+00 2.289042e+00 2.309857e+00 2.329795e+00 2.348905e+00 2.367236e+00 2.384833e+00 2.401741e+00 2.418003e+00 2.433658e+00 2.448747e+00 2.463307e+00 2.477375e+00 2.490986e+00 2.504175e+00 2.516973e+00 2.529415e+00 2.541530e+00 2.553350e+00 2.564903e+00 2.576220e+00 2.587327e+00 2.598254e+00 2.609028e+00 2.619675e+00 2.630223e+00 2.640698e+00 2.651126e+00 2.661534e+00 2.671947e+00 2.682392e+00 2.692894e+00 2.703481e+00 2.714179e+00 2.725015e+00 2.736016e+00 2.747209e+00 2.758623e+00 2.770287e+00 2.782229e+00 2.794480e+00 2.807070e+00 2.820031e+00 2.833395e+00 2.847197e+00 2.861471e+00 2.876252e+00 2.886583e+00
1.199443e+00 1.224079e+00 1.243422e+00 1.262047e+00 1.279980e+00 1.297247e+00 1.313871e+00 1.329875e+00 1.345280e+00 1.360109e+00 1.374381e+00 1.388117e+00 1.401334e+00 1.414052e+00 1.426287e+00 1.438057e+00 1.449378e+00 1.460265e+00 1.470733e+00 1.480797e+00 1.490471e+00 1.499768e+00 1.508700e+00 1.517281e+00 1.525521e+00 1.533433e+00 1.541026e+00 1.548312e+00 1.555301e+00 1.562002e+00 1.568424e+00 1.574576e+00 1.580467e+00 1.586105e+00 1.591498e+00 1.596652e+00 1.601575e+00 1.606275e+00 1.610756e+00 1.615026e+00 1.619091e+00 1.622955e+00 1.626625e+00 1.630105e+00 1.633400e+00 1.636515e+00 1.639454e+00 1.642221e+00 1.644819e+00 1.647253e+00 1.649526e+00 1.651640e+00 1.653600e+00 1.655406e+00 1.657063e+00 1.658572e+00 1.659935e+00 1.661154e+00 1.662232e+00 1.663168e+00 1.663965e+00 1.664624e+00 1.665146e+00 1.665531e+00 1.665779e+00 1.665892e+00 1.665870e+00 1.665698e+00
1.651142e+00 1.641434e+00 1.631136e+00 1.621331e+00 1.612011e+00 1.603169e+00 1.594798e+00 1.586892e+00 1.579444e+00 1.572448e+00 1.565898e+00 1.559790e+00 1.554119e+00 1.548880e+00 1.544068e+00 1.539681e+00 1.535715e+00 1.532166e+00 1.529031e+00 1.526309e+00 1.523997e+00 1.522092e+00 1.520595e+00 1.519503e+00 1.518816e+00 1.518532e+00 1.518653e+00 1.519177e+00 1.520106e+00 1.521440e+00 1.523180e+00 1.525328e+00 1.527884e+00 1.530853e+00 1.534234e+00 1.538032e+00 1.542249e+00 1.546889e+00 1.551956e+00 1.557452e+00 1.563384e+00 1.569755e+00 1.576570e+00 1.583835e+00 1.591556e+00 1.599739e+00 1.608390e+00 1.617516e+00 1.627125e+00 1.637224e+00 1.647821e+00 1.658924e+00 1.670543e+00 1.682686e+00 1.695363e+00 1.708585e+00 1.722361e+00 1.736703e+00 1.751622e+00 1.767130e+00 1.783240e+00 1.799963e+00 1.817313e+00 1.835305e+00 1.853952e+00 1.873269e+00 1.893272e+00 1.912218e+00
5.813620e+00 6.030379e+00 6.115146e+00 6.196291e+00 6.273845e+00 6.347835e+00 6.418287e+00 6.485228e+00 6.548682e+00 6.608671e+00 6.665217e+00 6.718341e+00 6.768062e+00 6.814398e+00 6.857366e+00 6.896980e+00 6.933256e+00 6.966207e+00 6.995844e+00 7.022179e+00 7.045220e+00 7.064977e+00 7.081455e+00 7.094662e+00 7.104602e+00 7.111279e+00 7.114695e+00 7.114850e+00 7.111746e+00 7.105382e+00 7.095754e+00 7.082859e+00 7.066694e+00 7.047251e+00 7.024524e+00 6.998505e+00 6.969184e+00 6.936550e+00 6.900592e+00 6.861298e+00 6.818651e+00 6.772638e+00 6.723242e+00 6.670444e+00 6.614225e+00 6.554566e+00 6.491445e+00 6.424838e+00 6.354723e+00 6.281072e+00 6.203861e+00 6.123060e+00 6.038640e+00 5.950572e+00 5.858823e+00 5.763360e+00 5.664149e+00 5.561153e+00 5.454336e+00 5.343658e+00 5.229080e+00 5.110560e+00 4.988056e+00 4.861523e+00 4.730915e+00 4.596185e+00 4.457285e+00 4.353260e+00
2.523573e+00 2.609378e+00 2.671162e+00 2.731102e+00 2.789208e+00 2.845487e+00 2.899946e+00 2.952593e+00 3.003436e+00 3.052479e+00 3.099731e+00 3.145198e+00 3.188885e+00 3.230799e+00 3.270945e+00 3.309328e+00 3.345955e+00 3.380828e+00 3.413955e+00 3.445337e+00 3.474981e+00 3.502890e+00 3.529067e+00 3.553516e+00 3.576241e+00 3.597244e+00 3.616529e+00 3.634097e+00 3.649952e+00 3.664095e+00 3.676528e+00 3.687253e+00 3.696271e+00 3.703584e+00 3.709192e+00 3.713097e+00 3.715298e+00 3.715797e+00 3.714593e+00 3.711685e+00 3.707075e+00 3.700760e+00 3.692741e+00 3.683015e+00 3.671582e+00 3.658441e+00 3.643589e+00 3.627024e+00 3.608745e+00 3.588749e+00 3.567032e+00 3.543593e+00 3.518428e+00 3.491534e+00 3.462907e+00 3.432543e+00 3.400438e+00 3.366588e+00 3.330989e+00 3.293635e+00 3.254522e+00 3.213644e+00 3.170996e+00 3.126572e+00 3.080366e+00 3.032372e+00 2.982584e+00 2.905184e+00
1.926398e+00 1.914989e+00 1.909557e+00 1.904131e+00 1.898707e+00 1.893282e+00 1.887851e+00 1.882409e+00 1.876952e+00 1.871475e+00 1.865975e+00 1.860446e+00 1.854884e+00 1.849285e+00 1.843644e+00 1.837957e+00 1.832219e+00 1.826425e+00 1.820570e+00 1.814651e+00 1.808662e+00 1.802598e+00 1.796454e+00 1.790226e+00 1.783908e+00 1.777495e+00 1.770982e+00 1.764364e+00 1.757636e+00 1.750791e+00 1.743825e+00 1.736732e+00 1.729506e+00 1.722141e+00 1.714631e+00 1.706970e+00 1.699153e+00 1.691172e+00 1.683021e+00 1.674693e+00 1.666183e+00 1.657483e+00 1.648585e+00 1.639483e+00 1.630170e+00 1.620637e+00 1.610878e+00 1.600883e+00 1.590646e+00 1.580158e+00 1.569410e+00 1.558393e+00 1.547100e+00 1.535520e+00 1.523644e+00 1.511462e+00 1.498966e+00 1.486144e+00 1.472986e+00 1.459482e+00 1.445621e+00 1.431391e+00 1.416781e+00 1.401780e+00 1.386374e+00 1.370552e+00 1.354300e+00 1.333023e+00
1.235098e+00 1.196552e+00 1.186239e+00 1.176163e+00 1.166313e+00 1.156679e+00 1.147250e+00 1.138016e+00 1.128968e+00 1.120094e+00 1.111387e+00 1.102836e+00 1.094432e+00 1.086166e+00 1.078029e+00 1.070012e+00 1.062107e+00 1.054305e+00 1.046598e+00 1.038977e+00 1.031434e+00 1.023960e+00 1.016549e+00 1.009192e+00 1.001880e+00 9.946061e-01 9.873625e-01 9.801411e-01 9.729341e-01 9.657338e-01 9.585323e-01 9.513219e-01 9.440948e-01 9.368432e-01 9.295592e-01 9.222349e-01 9.148625e-01 9.074340e-01 8.999413e-01 8.923763e-01 8.847308e-01 8.769967e-01 8.691655e-01 8.612287e-01 8.531778e-01 8.450041e-01 8.366987e-01 8.282527e-01 8.196569e-01 8.109021e-01 8.019787e-01 7.928771e-01 7.835875e-01 7.740999e-01 7.644039e-01 7.544891e-01 7.443448e-01 7.339600e-01 7.233235e-01 7.124237e-01 7.012490e-01 6.897872e-01 6.780259e-01 6.659524e-01 6.535536e-01 6.408162e-01 6.277264e-01 6.100005e-01
1.655143e+00 1.705924e+00 1.760516e+00 1.813216e+00 1.864058e+00 1.913075e+00 1.960299e+00 2.005761e+00 2.049488e+00 2.091510e+00 2.131855e+00 2.170546e+00 2.207611e+00 2.243072e+00 2.276953e+00 2.309275e+00 2.340060e+00 2.369327e+00 2.397094e+00 2.423381e+00 2.448203e+00 2.471577e+00 2.493519e+00 2.514041e+00 2.533158e+00 2.550881e+00 2.567222e+00 2.582193e+00 2.595801e+00 2.608057e+00 2.618967e+00 2.628540e+00 2.636780e+00 2.643695e+00 2.649287e+00 2.653561e+00 2.656519e+00 2.658164e+00 2.658495e+00 2.657515e+00 2.655221e+00 2.651613e+00 2.646687e+00 2.640442e+00 2.632873e+00 2.623974e+00 2.613741e+00 2.602166e+00 2.589243e+00 2.574963e+00 2.559316e+00 2.542293e+00 2.523882e+00 2.504072e+00 2.482850e+00 2.460202e+00 2.436114e+00 2.410570e+00 2.383553e+00 2.355047e+00 2.325032e+00 2.293490e+00 2.260400e+00 2.225741e+00 2.189490e+00 2.151624e+00 2.112118e+00 2.036073e+00
2.436402e+00 2.486104e+00 2.506687e+00 2.526268e+00 2.544873e+00 2.562526e+00 2.579250e+00 2.595067e+00 2.609998e+00 2.624063e+00 2.637279e+00 2.649663e+00 2.661233e+00 2.672003e+00 2.681988e+00 2.691199e+00 2.699650e+00 2.707351e+00 2.714313e+00 2.720544e+00 2.726053e+00 2.730846e+00 2.734931e+00 2.738312e+00 2.740994e+00 2.742980e+00 2.744274e+00 2.744876e+00 2.744787e+00 2.744008e+00 2.742537e+00 2.740372e+00 2.737511e+00 2.733950e+00 2.729684e+00 2.724707e+00 2.719013e+00 2.712596e+00 2.705445e+00 2.697552e+00 2.688907e+00 2.679499e+00 2.669314e+00 2.658340e+00 2.646562e+00 2.633966e+00 2.620534e+00 2.606249e+00 2.591092e+00 2.575044e+00 2.558083e+00 2.540188e+00 2.521335e+00 2.501499e+00 2.480655e+00 2.458775e+00 2.435831e+00 2.411793e+00 2.386629e+00 2.360306e+00 2.332791e+00 2.304046e+00 2.274035e+00 2.242719e+00 2.210056e+00 2.176004e+00 2.140518e+00 2.102574e+00
7.656386e-01 7.712210e-01 7.734263e-01 7.755764e-01 7.776736e-01 7.797202e-01 7.817182e-01 7.836699e-01 7.855772e-01 7.874423e-01 7.892670e-01 7.910534e-01 7.928033e-01 7.945185e-01 7.962009e-01 7.978523e-01 7.994744e-01 8.010689e-01 8.026375e-01 8.041819e-01 8.057037e-01 8.072046e-01 8.086861e-01 8.101498e-01 8.115972e-01 8.130299e-01 8.144493e-01 8.158571e-01 8.172547e-01 8.186435e-01 8.200251e-01 8.214008e-01 8.227723e-01 8.241408e-01 8.255079e-01 8.268751e-01 8.282437e-01 8.296152e-01 8.309910e-01 8.323727e-01 8.337617e-01 8.351594e-01 8.365674e-01 8.379870e-01 8.394200e-01 8.408676e-01 8.423316e-01 8.438134e-01 8.453146e-01 8.468368e-01 8.483816e-01 8.499507e-01 8.515457e-01 8.531682e-01 8.548201e-01 8.565031e-01 8.582189e-01 8.599694e-01 8.617563e-01 8.635818e-01 8.654475e-01 8.673556e-01 8.693081e-01 8.713069e-01 8.733543e-01 8.754524e-01 8.776034e-01 8.798111e-01
7.784487e-01 7.849208e-01 7.885909e-01 7.920525e-01 7.953122e-01 7.983765e-01 8.012511e-01 8.039418e-01 8.064537e-01 8.087917e-01 8.109602e-01 8.129636e-01 8.148056e-01 8.164899e-01 8.180196e-01 8.193978e-01 8.206272e-01 8.217100e-01 8.226485e-01 8.234443e-01 8.240991e-01 8.246142e-01 8.249905e-01 8.252287e-01 8.253293e-01 8.252926e-01 8.251184e-01 8.248063e-01 8.243559e-01 8.237662e-01 8.230361e-01 8.221642e-01 8.211487e-01 8.199877e-01 8.186791e-01 8.172201e-01 8.156081e-01 8.138398e-01 8.119119e-01 8.098207e-01 8.075620e-01 8.051316e-01 8.025246e-01 7.997362e-01 7.967608e-01 7.935927e-01 7.902257e-01 7.866535e-01 7.828690e-01 7.788648e-01 7.746334e-01 7.701664e-01 7.654553e-01 7.604909e-01 7.552635e-01 7.497632e-01 7.439791e-01 7.379003e-01 7.315147e-01 7.248102e-01 7.177737e-01 7.103917e-01 7.026497e-01 6.945329e-01 6.860255e-01 6.771110e-01 6.677723e-01 6.571395e-01
1.447625e+00 1.456600e+00 1.468663e+00 1.480260e+00 1.491419e+00 1.502163e+00 1.512517e+00 1.522506e+00 1.532150e+00 1.541473e+00 1.550495e+00 1.559238e+00 1.567719e+00 1.575960e+00 1.583978e+00 1.591791e+00 1.599418e+00 1.606876e+00 1.614181e+00 1.621351e+00 1.628400e+00 1.635346e+00 1.642204e+00 1.648990e+00 1.655719e+00 1.662405e+00 1.669066e+00 1.675714e+00 1.682366e+00 1.689037e+00 1.695741e+00 1.702494e+00 1.709312e+00 1.716209e+00 1.723201e+00 1.730305e+00 1.737535e+00 1.744909e+00 1.752444e+00 1.760155e+00 1.768062e+00 1.776181e+00 1.784532e+00 1.793132e+00 1.802002e+00 1.811162e+00 1.820632e+00 1.830434e+00 1.840590e+00 1.851123e+00 1.862057e+00 1.873416e+00 1.885227e+00 1.897516e+00 1.910311e+00 1.923642e+00 1.937537e+00 1.952029e+00 1.967151e+00 1.982936e+00 1.999422e+00 2.016643e+00 2.034641e+00 2.053456e+00 2.073130e+00 2.093708e+00 2.115236e+00 2.137940e+00
1.758551e+00 1.814603e+00 1.906158e+00 1.991067e+00 2.069811e+00 2.142834e+00 2.210550e+00 2.273342e+00 2.331565e+00 2.385549e+00 2.435600e+00 2.482000e+00 2.525012e+00 2.564879e+00 2.601827e+00 2.636065e+00 2.667787e+00 2.697173e+00 2.724387e+00 2.749586e+00 2.772910e+00 2.794492e+00 2.814455e+00 2.832910e+00 2.849963e+00 2.865710e+00 2.880240e+00 2.893636e+00 2.905972e+00 2.917320e+00 2.927743e+00 2.937300e+00 2.946045e+00 2.954027e+00 2.961293e+00 2.967882e+00 2.973833e+00 2.979178e+00 2.983949e+00 2.988172e+00 2.991871e+00 2.995066e+00 2.997777e+00 3.000019e+00 3.001803e+00 3.003140e+00 3.004038e+00 3.004502e+00 3.004535e+00 3.004136e+00 3.003303e+00 3.002032e+00 3.000316e+00 2.998144e+00 2.995505e+00 2.992383e+00 2.988761e+00 2.984618e+00 2.979932e+00 2.974674e+00 2.968817e+00 2.962326e+00 2.955164e+00 2.947292e+00 2.938665e+00 2.929234e+00 2.918945e+00 2.911073e+00
2.159804e+00 2.209465e+00 2.265327e+00 2.320072e+00 2.373705e+00 2.426232e+00 2.477658e+00 2.527988e+00 2.577227e+00 2.625381e+00 2.672454e+00 2.718451e+00 2.763378e+00 2.807237e+00 2.850035e+00 2.891774e+00 2.932461e+00 2.972098e+00 3.010689e+00 3.048239e+00 3.084752e+00 3.120231e+00 3.154680e+00 3.188102e+00 3.220501e+00 3.251880e+00 3.282243e+00 3.311591e+00 3.339930e+00 3.367260e+00 3.393585e+00 3.418908e+00 3.443232e+00 3.466558e+00 3.488889e+00 3.510228e+00 3.530577e+00 3.549937e+00 3.568311e+00 3.585700e+00 3.602107e+00 3.617533e+00 3.631979e+00 3.645448e+00 3.657940e+00 3.669456e+00 3.679999e+00 3.689568e+00 3.698165e+00 3.705792e+00 3.712447e+00 3.718133e+00 3.722850e+00 3.726599e+00 3.729379e+00 3.731191e+00 3.732035e+00 3.731911e+00 3.730820e+00 3.728761e+00 3.725733e+00 3.721738e+00 3.716773e+00 3.710840e+00 3.703936e+00 3.696062e+00 3.687216e+00 3.670622e+00
1.614580e+00 1.676830e+00 1.763726e+00 1.845701e+00 1.923023e+00 1.995947e+00 2.064712e+00 2.129542e+00 2.190651e+00 2.248239e+00 2.302495e+00 2.353596e+00 2.401712e+00 2.446998e+00 2.489604e+00 2.529670e+00 2.567326e+00 2.602697e+00 2.635899e+00 2.667040e+00 2.696222e+00 2.723541e+00 2.749087e+00 2.772944e+00 2.795190e+00 2.815897e+00 2.835134e+00 2.852963e+00 2.869444e+00 2.884630e+00 2.898572e+00 2.911314e+00 2.922898e+00 2.933364e+00 2.942744e+00 2.951070e+00 2.958368e+00 2.964664e+00 2.969978e+00 2.974326e+00 2.977723e+00 2.980182e+00 2.981708e+00 2.982308e+00 2.981983e+00 2.980733e+00 2.978553e+00 2.975437e+00 2.971373e+00 2.966348e+00 2.960347e+00 2.953349e+00 2.945332e+00 2.936269e+00 2.926130e+00 2.914883e+00 2.902490e+00 2.888910e+00 2.874100e+00 2.858010e+00 2.840588e+00 2.821776e+00 2.801514e+00 2.779734e+00 2.756365e+00 2.731330e+00 2.704548e+00 2.678231e+00
2.258910e+00 2.344203e+00 2.440101e+00 2.532817e+00 2.622407e+00 2.708926e+00 2.792425e+00 2.872956e+00 2.950567e+00 3.025304e+00 3.097214e+00 3.166339e+00 3.232721e+00 3.296401e+00 3.357417e+00 3.415806e+00 3.471602e+00 3.524841e+00 3.575553e+00 3.623770e+00 3.669521e+00 3.712833e+00 3.753733e+00 3.792245e+00 3.828393e+00 3.862198e+00 3.893681e+00 3.922861e+00 3.949756e+00 3.974381e+00 3.996752e+00 4.016883e+00 4.034785e+00 4.050469e+00 4.063944e+00 4.075220e+00 4.084302e+00 4.091196e+00 4.095907e+00 4.098437e+00 4.098787e+00 4.096959e+00 4.092950e+00 4.086759e+00 4.078381e+00 4.067812e+00 4.055045e+00 4.040072e+00 4.022885e+00 4.003473e+00 3.981824e+00 3.957925e+00 3.931762e+00 3.903319e+00 3.872579e+00 3.839523e+00 3.804131e+00 3.766382e+00 3.726253e+00 3.683720e+00 3.638756e+00 3.591336e+00 3.541430e+00 3.489007e+00 3.434037e+00 3.376487e+00 3.316320e+00 3.276537e+00
2.874777e+00 2.911304e+00 2.942215e+00 2.971917e+00 3.000420e+00 3.027732e+00 3.053862e+00 3.078820e+00 3.102612e+00 3.125248e+00 3.146735e+00 3.167079e+00 3.186287e+00 3.204366e+00 3.221322e+00 3.237159e+00 3.251884e+00 3.265501e+00 3.278014e+00 3.289428e+00 3.299746e+00 3.308972e+00 3.317109e+00 3.324160e+00 3.330126e+00 3.335010e+00 3.338813e+00 3.341537e+00 3.343182e+00 3.343750e+00 3.343239e+00 3.341651e+00 3.338984e+00 3.335238e+00 3.330411e+00 3.324502e+00 3.317509e+00 3.309429e+00 3.300261e+00 3.290000e+00 3.278644e+00 3.266189e+00 3.252630e+00 3.237964e+00 3.222186e+00 3.205290e+00 3.187270e+00 3.168122e+00 3.147838e+00 3.126412e+00 3.103836e+00 3.080105e+00 3.055209e+00 3.029141e+00 3.001891e+00 2.973452e+00 2.943814e+00 2.912967e+00 2.880900e+00 2.847604e+00 2.813067e+00 2.777279e+00 2.740227e+00 2.701899e+00 2.662283e+00 2.621366e+00 2.579134e+00 2.526977e+00
5.236347e-01 5.223149e-01 5.207887e-01 5.196423e-01 5.188747e-01 5.184850e-01 5.184730e-01 5.188385e-01 5.195820e-01 5.207042e-01 5.222061e-01 5.240893e-01 5.263556e-01 5.290072e-01 5.320466e-01 5.354769e-01 5.393014e-01 5.435239e-01 5.481484e-01 5.531794e-01 5.586220e-01 5.644814e-01 5.707633e-01 5.774739e-01 5.846197e-01 5.922077e-01 6.002453e-01 6.087403e-01 6.177011e-01 6.271365e-01 6.370555e-01 6.474680e-01 6.583840e-01 6.698142e-01 6.817699e-01 6.942627e-01 7.073047e-01 7.209087e-01 7.350881e-01 7.498566e-01 7.652287e-01 7.812193e-01 7.978442e-01 8.151195e-01 8.330621e-01 8.516896e-01 8.710201e-01 8.910725e-01 9.118664e-01 9.334221e-01 9.557606e-01 9.789038e-01 1.002874e+00 1.027696e+00 1.053392e+00 1.079988e+00 1.107510e+00 1.135985e+00 1.165441e+00 1.195906e+00 1.227410e+00 1.259984e+00 1.293660e+00 1.328471e+00 1.364451e+00 1.401634e+00 1.440057e+00 1.474560e+00
1.417099e+00 1.361368e+00 1.326610e+00 1.293144e+00 1.260927e+00 1.229920e+00 1.200085e+00 1.171385e+00 1.143784e+00 1.117247e+00 1.091743e+00 1.067239e+00 1.043706e+00 1.021113e+00 9.994338e-01 9.786406e-01 9.587079e-01 9.396111e-01 9.213263e-01 9.038312e-01 8.871039e-01 8.711237e-01 8.558710e-01 8.413267e-01 8.274729e-01 8.142925e-01 8.017690e-01 7.898871e-01 7.786320e-01 7.679897e-01 7.579471e-01 7.484918e-01 7.396120e-01 7.312968e-01 7.235359e-01 7.163196e-01 7.096390e-01 7.034858e-01 6.978525e-01 6.927320e-01 6.881181e-01 6.840049e-01 6.803874e-01 6.772612e-01 6.746224e-01 6.724676e-01 6.707942e-01 6.696002e-01 6.688841e-01 6.686450e-01 6.688825e-01 6.695971e-01 6.707895e-01 6.724612e-01 6.746144e-01 6.772516e-01 6.803762e-01 6.839921e-01 6.881036e-01 6.927158e-01 6.978346e-01 7.034662e-01 7.096176e-01 7.162965e-01 7.235110e-01 7.312701e-01 7.395835e-01 7.479328e-01
1.611956e+00 1.641810e+00 1.675001e+00 1.707146e+00 1.738266e+00 1.768382e+00 1.797516e+00 1.825686e+00 1.852912e+00 1.879213e+00 1.904606e+00 1.929109e+00 1.952738e+00 1.975510e+00 1.997440e+00 2.018542e+00 2.038832e+00 2.058323e+00 2.077028e+00 2.094960e+00 2.112132e+00 2.128554e+00 2.144238e+00 2.159196e+00 2.173436e+00 2.186969e+00 2.199803e+00 2.211949e+00 2.223413e+00 2.234203e+00 2.244328e+00 2.253794e+00 2.262607e+00 2.270773e+00 2.278298e+00 2.285188e+00 2.291445e+00 2.297076e+00 2.302084e+00 2.306472e+00 2.310243e+00 2.313400e+00 2.315944e+00 2.317878e+00 2.319204e+00 2.319921e+00 2.320030e+00 2.319532e+00 2.318426e+00 2.316711e+00 2.314386e+00 2.311450e+00 2.307901e+00 2.303735e+00 2.298951e+00 2.293545e+00 2.287514e+00 2.280852e+00 2.273557e+00 2.265622e+00 2.257042e+00 2.247812e+00 2.237926e+00 2.227376e+00 2.216155e+00 2.204256e+00 2.191670e+00 2.166144e+00
1.521534e+00 1.505210e+00 1.486160e+00 1.468100e+00 1.450998e+00 1.434824e+00 1.419548e+00 1.405144e+00 1.391586e+00 1.378849e+00 1.366912e+00 1.355753e+00 1.345352e+00 1.335690e+00 1.326751e+00 1.318519e+00 1.310978e+00 1.304116e+00 1.297920e+00 1.292379e+00 1.287484e+00 1.283225e+00 1.279595e+00 1.276589e+00 1.274199e+00 1.272422e+00 1.271256e+00 1.270697e+00 1.270745e+00 1.271399e+00 1.272662e+00 1.274536e+00 1.277022e+00 1.280127e+00 1.283856e+00 1.288214e+00 1.293211e+00 1.298855e+00 1.305155e+00 1.312124e+00 1.319773e+00 1.328116e+00 1.337168e+00 1.346945e+00 1.357465e+00 1.368746e+00 1.380807e+00 1.393672e+00 1.407362e+00 1.421902e+00 1.437318e+00 1.453637e+00 1.470889e+00 1.489103e+00 1.508312e+00 1.528551e+00 1.549856e+00 1.572264e+00 1.595815e+00 1.620551e+00 1.646516e+00 1.673756e+00 1.702321e+00 1.732260e+00 1.763626e+00 1.796476e+00 1.830869e+00 1.869001e+00
1.594303e+00 1.608711e+00 1.620886e+00 1.632915e+00 1.644807e+00 1.656570e+00 1.668209e+00 1.679732e+00 1.691147e+00 1.702461e+00 1.713679e+00 1.724810e+00 1.735860e+00 1.746835e+00 1.757743e+00 1.768590e+00 1.779383e+00 1.790128e+00 1.800833e+00 1.811503e+00 1.822145e+00 1.832766e+00 1.843372e+00 1.853969e+00 1.864565e+00 1.875165e+00 1.885777e+00 1.896406e+00 1.907060e+00 1.917744e+00 1.928465e+00 1.939230e+00 1.950046e+00 1.960919e+00 1.971855e+00 1.982862e+00 1.993946e+00 2.005114e+00 2.016373e+00 2.027729e+00 2.039191e+00 2.050763e+00 2.062455e+00 2.074273e+00 2.086224e+00 2.098315e+00 2.110555e+00 2.122949e+00 2.135507e+00 2.148236e+00 2.161143e+00 2.174237e+00 2.187525e+00 2.201016e+00 2.214717e+00 2.228638e+00 2.242787e+00 2.257173e+00 2.271803e+00 2.286688e+00 2.301837e+00 2.317258e+00 2.332961e+00 2.348956e+00 2.365253e+00 2.381861e+00 2.398791e+00 2.417149e+00
5.966599e-01 6.027196e-01 6.076040e-01 6.125031e-01 6.174205e-01 6.223594e-01 6.273233e-01 6.323154e-01 6.373394e-01 6.423986e-01 6.474964e-01 6.526364e-01 6.578221e-01 6.630571e-01 6.683449e-01 6.736891e-01 6.790935e-01 6.845618e-01 6.900976e-01 6.957048e-01 7.013873e-01 7.071488e-01 7.129935e-01 7.189252e-01 7.249480e-01 7.310662e-01 7.372838e-01 7.436052e-01 7.500346e-01 7.565765e-01 7.632354e-01 7.700158e-01 7.769224e-01 7.839599e-01 7.911331e-01 7.984470e-01 8.059066e-01 8.135170e-01 8.212834e-01 8.292111e-01 8.373056e-01 8.455724e-01 8.540172e-01 8.626457e-01 8.714640e-01 8.804780e-01 8.896939e-01 8.991181e-01 9.087569e-01 9.186171e-01 9.287053e-01 9.390286e-01 9.495939e-01 9.604085e-01 9.714798e-01 9.828155e-01 9.944232e-01 1.006311e+00 1.018487e+00 1.030960e+00 1.043737e+00 1.056829e+00 1.070243e+00 1.083989e+00 1.098077e+00 1.112516e+00 1.127316e+00 1.141349e+00
5.148178e+00 5.160878e+00 5.163173e+00 5.164694e+00 5.165440e+00 5.165412e+00 5.164610e+00 5.163033e+00 5.160681e+00 5.157554e+00 5.153651e+00 5.148971e+00 5.143513e+00 5.137277e+00 5.130260e+00 5.122461e+00 5.113878e+00 5.104511e+00 5.094356e+00 5.083412e+00 5.071676e+00 5.059145e+00 5.045818e+00 5.031691e+00 5.016762e+00 5.001026e+00 4.984482e+00 4.967124e+00 4.948951e+00 4.929957e+00 4.910138e+00 4.889492e+00 4.868012e+00 4.845695e+00 4.822536e+00 4.798529e+00 4.773671e+00 4.747955e+00 4.721376e+00 4.693929e+00 4.665607e+00 4.636405e+00 4.606317e+00 4.575335e+00 4.543454e+00 4.510667e+00 4.476967e+00 4.442346e+00 4.406797e+00 4.370314e+00 4.332887e+00 4.294509e+00 4.255173e+00 4.214868e+00 4.173588e+00 4.131324e+00 4.088065e+00 4.043804e+00 3.998530e+00 3.952235e+00 3.904908e+00 3.856539e+00 3.807119e+00 3.756636e+00 3.705079e+00 3.652439e+00 3.598703e+00 3.520393e+00
4.118689e+00 4.229750e+00 4.311327e+00 4.390781e+00 4.468128e+00 4.543385e+00 4.616566e+00 4.687686e+00 4.756759e+00 4.823800e+00 4.888821e+00 4.951837e+00 5.012859e+00 5.071901e+00 5.128974e+00 5.184090e+00 5.237259e+00 5.288493e+00 5.337801e+00 5.385195e+00 5.430683e+00 5.474275e+00 5.515979e+00 5.555804e+00 5.593759e+00 5.629849e+00 5.664084e+00 5.696470e+00 5.727013e+00 5.755719e+00 5.782595e+00 5.807646e+00 5.830877e+00 5.852292e+00 5.871896e+00 5.889693e+00 5.905687e+00 5.919880e+00 5.932276e+00 5.942877e+00 5.951685e+00 5.958702e+00 5.963930e+00 5.967369e+00 5.969020e+00 5.968884e+00 5.966960e+00 5.963249e+00 5.957748e+00 5.950458e+00 5.941377e+00 5.930503e+00 5.917833e+00 5.903366e+00 5.887098e+00 5.869025e+00 5.849146e+00 5.827454e+00 5.803946e+00 5.778618e+00 5.751463e+00 5.722477e+00 5.691654e+00 5.658987e+00 5.624470e+00 5.588096e+00 5.549857e+00 5.401508e+00
4.659059e+00 4.695180e+00 4.732503e+00 4.768262e+00 4.802469e+00 4.835138e+00 4.866280e+00 4.895905e+00 4.924026e+00 4.950651e+00 4.975791e+00 4.999454e+00 5.021649e+00 5.042384e+00 5.061667e+00 5.079503e+00 5.095901e+00 5.110865e+00 5.124401e+00 5.136515e+00 5.147209e+00 5.156489e+00 5.164357e+00 5.170816e+00 5.175869e+00 5.179517e+00 5.181762e+00 5.182605e+00 5.182046e+00 5.180084e+00 5.176719e+00 5.171949e+00 5.165774e+00 5.158191e+00 5.149196e+00 5.138788e+00 5.126961e+00 5.113713e+00 5.099037e+00 5.082929e+00 5.065384e+00 5.046394e+00 5.025952e+00 5.004053e+00 4.980686e+00 4.955846e+00 4.929521e+00 4.901703e+00 4.872382e+00 4.841548e+00 4.809188e+00 4.775292e+00 4.739847e+00 4.702841e+00 4.664261e+00 4.624091e+00 4.582319e+00 4.538928e+00 4.493904e+00 4.447230e+00 4.398890e+00 4.348865e+00 4.297138e+00 4.243691e+00 4.188504e+00 4.131557e+00 4.072830e+00 4.017085e+00
1.599466e+00 1.576931e+00 1.553423e+00 1.530731e+00 1.508820e+00 1.487657e+00 1.467211e+00 1.447449e+00 1.428342e+00 1.409860e+00 1.391975e+00 1.374660e+00 1.357889e+00 1.341636e+00 1.325876e+00 1.310585e+00 1.295740e+00 1.281318e+00 1.267297e+00 1.253656e+00 1.240375e+00 1.227432e+00 1.214808e+00 1.202484e+00 1.190440e+00 1.178660e+00 1.167124e+00 1.155815e+00 1.144717e+00 1.133811e+00 1.123081e+00 1.112511e+00 1.102085e+00 1.091787e+00 1.081601e+00 1.071512e+00 1.061504e+00 1.051562e+00 1.041671e+00 1.031816e+00 1.021982e+00 1.012153e+00 1.002315e+00 9.924530e-01 9.825515e-01 9.725958e-01 9.625704e-01 9.524603e-01 9.422499e-01 9.319236e-01 9.214658e-01 9.108605e-01 9.000915e-01 8.891424e-01 8.779965e-01 8.666368e-01 8.550459e-01 8.432063e-01 8.310998e-01 8.187080e-01 8.060120e-01 7.929925e-01 7.796295e-01 7.659027e-01 7.517912e-01 7.372734e-01 7.223273e-01 7.085551e-01
2.177547e+00 2.229466e+00 2.283033e+00 2.335162e+00 2.385892e+00 2.435262e+00 2.483308e+00 2.530068e+00 2.575576e+00 2.619868e+00 2.662976e+00 2.704934e+00 2.745773e+00 2.785524e+00 2.824218e+00 2.861883e+00 2.898548e+00 2.934242e+00 2.968990e+00 3.002820e+00 3.035757e+00 3.067826e+00 3.099051e+00 3.129456e+00 3.159064e+00 3.187897e+00 3.215978e+00 3.243327e+00 3.269966e+00 3.295914e+00 3.321191e+00 3.345817e+00 3.369809e+00 3.393187e+00 3.415967e+00 3.438168e+00 3.459805e+00 3.480896e+00 3.501456e+00 3.521501e+00 3.541047e+00 3.560107e+00 3.578696e+00 3.596829e+00 3.614519e+00 3.631780e+00 3.648625e+00 3.665066e+00 3.681115e+00 3.696786e+00 3.712090e+00 3.727038e+00 3.741643e+00 3.755914e+00 3.769863e+00 3.783500e+00 3.796836e+00 3.809881e+00 3.822644e+00 3.835136e+00 3.847366e+00 3.859342e+00 3.871075e+00 3.882573e+00 3.893844e+00 3.904898e+00 3.915743e+00 3.926352e+00
1.584496e+00 1.621455e+00 1.659329e+00 1.696380e+00 1.732637e+00 1.768125e+00 1.802874e+00 1.836910e+00 1.870258e+00 1.902944e+00 1.934993e+00 1.966429e+00 1.997277e+00 2.027560e+00 2.057301e+00 2.086523e+00 2.115248e+00 2.143499e+00 2.171296e+00 2.198661e+00 2.225616e+00 2.252180e+00 2.278373e+00 2.304217e+00 2.329730e+00 2.354933e+00 2.379844e+00 2.404482e+00 2.428866e+00 2.453016e+00 2.476949e+00 2.500683e+00 2.524237e+00 2.547629e+00 2.570877e+00 2.593998e+00 2.617010e+00 2.639931e+00 2.662778e+00 2.685569e+00 2.708321e+00 2.731051e+00 2.753777e+00 2.776517e+00 2.799287e+00 2.822104e+00 2.844988e+00 2.867954e+00 2.891021e+00 2.914206e+00 2.937526e+00 2.961000e+00 2.984646e+00 3.008482e+00 3.032525e+00 3.056795e+00 3.081309e+00 3.106087e+00 3.131147e+00 3.156509e+00 3.182192e+00 3.208216e+00 3.234600e+00 3.261365e+00 3.288530e+00 3.316118e+00 3.344149e+00 3.364712e+00
2.543109e+00 2.610056e+00 2.683523e+00 2.754396e+00 2.822701e+00 2.888462e+00 2.951704e+00 3.012448e+00 3.070716e+00 3.126529e+00 3.179908e+00 3.230870e+00 3.279436e+00 3.325620e+00 3.369441e+00 3.410914e+00 3.450054e+00 3.486874e+00 3.521389e+00 3.553609e+00 3.583547e+00 3.611214e+00 3.636619e+00 3.659772e+00 3.680680e+00 3.699351e+00 3.715793e+00 3.730010e+00 3.742007e+00 3.751790e+00 3.759362e+00 3.764724e+00 3.767880e+00 3.768831e+00 3.767576e+00 3.764115e+00 3.758447e+00 3.750570e+00 3.740482e+00 3.728178e+00 3.713654e+00 3.696905e+00 3.677925e+00 3.656707e+00 3.633244e+00 3.607527e+00 3.579547e+00 3.549294e+00 3.516757e+00 3.481925e+00 3.444785e+00 3.405324e+00 3.363528e+00 3.319381e+00 3.272868e+00 3.223973e+00 3.172678e+00 3.118964e+00 3.062813e+00 3.004204e+00 2.943116e+00 2.879528e+00 2.813416e+00 2.744758e+00 2.673528e+00 2.599702e+00 2.523252e+00 2.433320e+00
1.756112e+00 1.757168e+00 1.758210e+00 1.759318e+00 1.760492e+00 1.761735e+00 1.763046e+00 1.764429e+00 1.765883e+00 1.767410e+00 1.769012e+00 1.770692e+00 1.772449e+00 1.774287e+00 1.776207e+00 1.778211e+00 1.780301e+00 1.782479e+00 1.784749e+00 1.787111e+00 1.789568e+00 1.792124e+00 1.794780e+00 1.797539e+00 1.800404e+00 1.803379e+00 1.806466e+00 1.809668e+00 1.812989e+00 1.816432e+00 1.820001e+00 1.823699e+00 1.827530e+00 1.831499e+00 1.835609e+00 1.839864e+00 1.844270e+00 1.848830e+00 1.853549e+00 1.858432e+00 1.863484e+00 1.868711e+00 1.874117e+00 1.879709e+00 1.885492e+00 1.891472e+00 1.897656e+00 1.904049e+00 1.910658e+00 1.917491e+00 1.924554e+00 1.931854e+00 1.939399e+00 1.947198e+00 1.955257e+00 1.963585e+00 1.972192e+00 1.981085e+00 1.990274e+00 1.999769e+00 2.009578e+00 2.019714e+00 2.030185e+00 2.041003e+00 2.052179e+00 2.063724e+00 2.075651e+00 2.089525e+00
2.982157e+00 2.921534e+00 2.881067e+00 2.841776e+00 2.803613e+00 2.766534e+00 2.730492e+00 2.695446e+00 2.661353e+00 2.628173e+00 2.595866e+00 2.564393e+00 2.533717e+00 2.503801e+00 2.474609e+00 2.446106e+00 2.418258e+00 2.391033e+00 2.364396e+00 2.338317e+00 2.312764e+00 2.287707e+00 2.263115e+00 2.238960e+00 2.215212e+00 2.191843e+00 2.168825e+00 2.146130e+00 2.123732e+00 2.101604e+00 2.079718e+00 2.058049e+00 2.036572e+00 2.015259e+00 1.994087e+00 1.973028e+00 1.952060e+00 1.931155e+00 1.910289e+00 1.889438e+00 1.868576e+00 1.847678e+00 1.826720e+00 1.805676e+00 1.784521e+00 1.763230e+00 1.741777e+00 1.720137e+00 1.698283e+00 1.676190e+00 1.653832e+00 1.631180e+00 1.608210e+00 1.584892e+00 1.561199e+00 1.537103e+00 1.512574e+00 1.487584e+00 1.462103e+00 1.436100e+00 1.409544e+00 1.382403e+00 1.354645e+00 1.326236e+00 1.297143e+00 1.267331e+00 1.236764e+00 1.200901e+00
9.904962e-01 9.666406e-01 9.520649e-01 9.383853e-01 9.255864e-01 9.136538e-01 9.025739e-01 8.923343e-01 8.829234e-01 8.743307e-01 8.665464e-01 8.595617e-01 8.533687e-01 8.479605e-01 8.433310e-01 8.394749e-01 8.363879e-01 8.340666e-01 8.325081e-01 8.317110e-01 8.316741e-01 8.323976e-01 8.338821e-01 8.361294e-01 8.391420e-01 8.429234e-01 8.474777e-01 8.528101e-01 8.589267e-01 8.658343e-01 8.735407e-01 8.820547e-01 8.913858e-01 9.015445e-01 9.125424e-01 9.243918e-01 9.371061e-01 9.506996e-01 9.651878e-01 9.805868e-01 9.969142e-01 1.014188e+00 1.032429e+00 1.051656e+00 1.071891e+00 1.093158e+00 1.115481e+00 1.138883e+00 1.163393e+00 1.189037e+00 1.215845e+00 1.243847e+00 1.273073e+00 1.303559e+00 1.335336e+00 1.368443e+00 1.402915e+00 1.438793e+00 1.476115e+00 1.514925e+00 1.555266e+00 1.597184e+00 1.640726e+00 1.685941e+00 1.732880e+00 1.781597e+00 1.832145e+00 1.894684e+00
4.365910e+00 4.402614e+00 4.451420e+00 4.498325e+00 4.543371e+00 4.586598e+00 4.628044e+00 4.667747e+00 4.705741e+00 4.742061e+00 4.776738e+00 4.809804e+00 4.841288e+00 4.871217e+00 4.899619e+00 4.926519e+00 4.951940e+00 4.975906e+00 4.998437e+00 5.019554e+00 5.039275e+00 5.057618e+00 5.074599e+00 5.090233e+00 5.104535e+00 5.117516e+00 5.129189e+00 5.139564e+00 5.148650e+00 5.156455e+00 5.162986e+00 5.168249e+00 5.172248e+00 5.174988e+00 5.176470e+00 5.176696e+00 5.175666e+00 5.173379e+00 5.169834e+00 5.165026e+00 5.158952e+00 5.151606e+00 5.142982e+00 5.133072e+00 5.121868e+00 5.109358e+00 5.095533e+00 5.080380e+00 5.063885e+00 5.046034e+00 5.026811e+00 5.006199e+00 4.984179e+00 4.960732e+00 4.935837e+00 4.909472e+00 4.881614e+00 4.852237e+00 4.821316e+00 4.788823e+00 4.754729e+00 4.719004e+00 4.681616e+00 4.642533e+00 4.601718e+00 4.559136e+00 4.514749e+00 4.485224e+00
9.459245e-01 9.564327e-01 9.690475e-01 9.813312e-01 9.933029e-01 1.004981e+00 1.016384e+00 1.027528e+00 1.038432e+00 1.049113e+00 1.059586e+00 1.069868e+00 1.079975e+00 1.089922e+00 1.099725e+00 1.109399e+00 1.118959e+00 1.128420e+00 1.137797e+00 1.147103e+00 1.156353e+00 1.165562e+00 1.174744e+00 1.183913e+00 1.193083e+00 1.202268e+00 1.211484e+00 1.220742e+00 1.230059e+00 1.239449e+00 1.248926e+00 1.258504e+00 1.268199e+00 1.278026e+00 1.287999e+00 1.298134e+00 1.308448e+00 1.318955e+00 1.329672e+00 1.340616e+00 1.351803e+00 1.363251e+00 1.374978e+00 1.387001e+00 1.399340e+00 1.412013e+00 1.425039e+00 1.438440e+00 1.452236e+00 1.466448e+00 1.481098e+00 1.496209e+00 1.511804e+00 1.527907e+00 1.544544e+00 1.561739e+00 1.579520e+00 1.597914e+00 1.616949e+00 1.636655e+00 1.657063e+00 1.678203e+00 1.700109e+00 1.722815e+00 1.746355e+00 1.770766e+00 1.796086e+00 1.832143e+00
1.654466e+00 1.659756e+00 1.667111e+00 1.673956e+00 1.680323e+00 1.686238e+00 1.691728e+00 1.696816e+00 1.701525e+00 1.705876e+00 1.709887e+00 1.713576e+00 1.716960e+00 1.720052e+00 1.722868e+00 1.725418e+00 1.727714e+00 1.729767e+00 1.731585e+00 1.733175e+00 1.734546e+00 1.735704e+00 1.736652e+00 1.737396e+00 1.737938e+00 1.738281e+00 1.738427e+00 1.738375e+00 1.738127e+00 1.737680e+00 1.737034e+00 1.736184e+00 1.735128e+00 1.733860e+00 1.732375e+00 1.730667e+00 1.728728e+00 1.726550e+00 1.724122e+00 1.721436e+00 1.718478e+00 1.715235e+00 1.711694e+00 1.707840e+00 1.703654e+00 1.699119e+00 1.694215e+00 1.688921e+00 1.683213e+00 1.677066e+00 1.670454e+00 1.663347e+00 1.655715e+00 1.647523e+00 1.638736e+00 1.629316e+00 1.619221e+00 1.608408e+00 1.596828e+00 1.584431e+00 1.571162e+00 1.556965e+00 1.541775e+00 1.525528e+00 1.508152e+00 1.489570e+00 1.469701e+00 1.454642e+00
8.898242e-01 9.299644e-01 9.808052e-01 1.028771e+00 1.074009e+00 1.116661e+00 1.156858e+00 1.194724e+00 1.230377e+00 1.263927e+00 1.295477e+00 1.325126e+00 1.352964e+00 1.379079e+00 1.403551e+00 1.426456e+00 1.447864e+00 1.467842e+00 1.486451e+00 1.503749e+00 1.519791e+00 1.534624e+00 1.548296e+00 1.560848e+00 1.572320e+00 1.582746e+00 1.592159e+00 1.600589e+00 1.608061e+00 1.614598e+00 1.620221e+00 1.624947e+00 1.628791e+00 1.631764e+00 1.633876e+00 1.635133e+00 1.635540e+00 1.635096e+00 1.633802e+00 1.631653e+00 1.628642e+00 1.624761e+00 1.619996e+00 1.614334e+00 1.607757e+00 1.600244e+00 1.591772e+00 1.582315e+00 1.571844e+00 1.560327e+00 1.547727e+00 1.534006e+00 1.519121e+00 1.503026e+00 1.485672e+00 1.467004e+00 1.446966e+00 1.425494e+00 1.402523e+00 1.377982e+00 1.351794e+00 1.323879e+00 1.294150e+00 1.262515e+00 1.228876e+00 1.193130e+00 1.155165e+00 1.119609e+00
