# Reduced coefficients A_alpha.T  shape (150 x 2)  -- rows are alpha^(i) = Psi^T y^(i)
-2.498190e+00 3.453193e-02
-2.609766e+00 -1.339540e-02
-2.701883e+00 -7.164735e-02
-2.074150e+00 3.226119e-02
-2.604156e+00 -8.878695e-03
-2.550413e+00 1.790750e-02
-2.684382e+00 -5.854261e-02
-2.286959e+00 5.303892e-02
-2.408268e+00 5.385077e-02
-2.469257e+00 4.468561e-02
-2.151683e+00 3.998412e-02
-2.670293e+00 -4.955409e-02
-2.749772e+00 -1.060176e-01
-2.645835e+00 -3.331267e-02
-2.752391e+00 -1.085674e-01
-2.673323e+00 -5.167205e-02
-2.627266e+00 -2.176239e-02
-2.328043e+00 5.322308e-02
-2.245292e+00 4.924085e-02
-2.273851e+00 5.214110e-02
-2.568815e+00 7.364271e-03
-2.702431e+00 -7.103237e-02
-2.136255e+00 3.844741e-02
-2.535980e+00 2.344406e-02
-2.447505e+00 5.033697e-02
-2.716412e+00 -8.119830e-02
-2.042308e+00 2.908942e-02
-2.029358e+00 2.779822e-02
-2.212159e+00 4.600301e-02
-2.722255e+00 -8.774904e-02
-2.205612e+00 4.529467e-02
-2.758071e+00 -1.115674e-01
-2.401075e+00 5.525428e-02
-2.098616e+00 3.469769e-02
-2.142641e+00 3.908242e-02
-2.528569e+00 2.694639e-02
-2.375113e+00 5.778528e-02
-2.462063e+00 4.727951e-02
-2.574532e+00 6.889446e-03
-2.695417e+00 -6.623171e-02
-2.230288e+00 4.780905e-02
-2.751817e+00 -1.075319e-01
-2.123803e+00 3.720704e-02
-2.708304e+00 -7.521740e-02
-2.688684e+00 -6.511248e-02
-2.664363e+00 -4.499775e-02
-2.216427e+00 4.617639e-02
-2.717374e+00 -8.203041e-02
-2.674675e+00 -5.437548e-02
-2.621387e+00 -2.125148e-02
-2.328560e+00 5.690574e-02
-2.140490e+00 3.882704e-02
-2.725378e+00 -8.782311e-02
-2.423848e+00 5.321106e-02
-2.298839e+00 5.291920e-02
-2.087955e+00 3.363625e-02
-2.684103e+00 -5.905626e-02
-2.605870e+00 -9.300525e-03
-2.726496e+00 -8.894690e-02
-2.648472e+00 -3.628119e-02
-2.271499e+00 5.181508e-02
-2.261038e+00 5.086530e-02
-2.511825e+00 3.287912e-02
-2.499728e+00 3.609836e-02
-2.098880e+00 3.472450e-02
-2.007943e+00 2.566564e-02
-2.715114e+00 -8.317448e-02
-2.431504e+00 5.236734e-02
-2.568568e+00 9.349639e-03
-2.480045e+00 4.165506e-02
-2.585668e+00 -3.893974e-03
-2.672585e+00 -5.168632e-02
-2.212652e+00 4.605709e-02
-2.352728e+00 5.598759e-02
-1.967300e+00 2.161794e-02
-2.024308e+00 2.729649e-02
-2.772374e+00 -1.220578e-01
-2.545919e+00 1.998632e-02
-2.372193e+00 5.336323e-02
-2.523577e+00 2.858816e-02
-2.162554e+00 4.106698e-02
-2.725026e+00 -8.842991e-02
-2.638048e+00 -2.924334e-02
-2.140578e+00 3.887796e-02
-2.016673e+00 2.653594e-02
-2.007943e+00 2.566635e-02
-2.561197e+00 1.297770e-02
-2.293512e+00 5.322854e-02
-2.767801e+00 -1.183052e-01
-2.397841e+00 5.372140e-02
-2.203633e+00 4.491775e-02
-2.112764e+00 3.610649e-02
-2.536158e+00 2.399951e-02
-2.176072e+00 4.240844e-02
-2.053472e+00 3.020138e-02
-1.966299e+00 2.151559e-02
-2.458766e+00 4.655389e-02
-2.375608e+00 5.535826e-02
-2.335363e+00 5.692295e-02
-2.269768e+00 5.140986e-02
-2.186342e+00 4.343213e-02
-2.498841e+00 3.675427e-02
-2.362492e+00 5.590396e-02
-2.661223e+00 -4.396338e-02
-2.083640e+00 3.320647e-02
-2.614516e+00 -1.729433e-02
-1.999727e+00 2.484790e-02
-2.695583e+00 -6.690583e-02
-2.742971e+00 -1.013846e-01
-2.557414e+00 1.438437e-02
-2.326365e+00 5.352680e-02
-2.062476e+00 3.109836e-02
-2.291636e+00 5.344238e-02
-2.339814e+00 5.729008e-02
-2.773571e+00 -1.229326e-01
-2.390242e+00 5.736775e-02
-2.149040e+00 3.966343e-02
-2.486424e+00 4.081793e-02
-2.172332e+00 4.203880e-02
-2.447056e+00 4.985548e-02
-2.076293e+00 3.247462e-02
-2.597808e+00 -4.987840e-03
-2.206518e+00 4.544596e-02
-2.718061e+00 -8.299824e-02
-2.251305e+00 4.989612e-02
-2.763229e+00 -1.153184e-01
-2.400171e+00 5.621111e-02
-2.633087e+00 -2.838281e-02
-2.353918e+00 5.795186e-02
-2.113140e+00 3.614494e-02
-2.744690e+00 -1.018174e-01
-2.743179e+00 -1.003590e-01
-2.029759e+00 2.783935e-02
-1.977001e+00 2.258424e-02
-1.966060e+00 2.149441e-02
-2.744668e+00 -1.019692e-01
-2.550096e+00 1.759553e-02
-1.974395e+00 2.232466e-02
-2.610825e+00 -1.227095e-02
-2.571078e+00 7.002286e-03
-2.591580e+00 -2.348657e-03
-2.313234e+00 5.549781e-02
-2.771744e+00 -1.212700e-01
-2.612896e+00 -1.599067e-02
-2.459183e+00 4.783723e-02
-2.589051e+00 -6.594350e-04
-2.639537e+00 -3.181439e-02
-2.482588e+00 3.970355e-02
-2.457609e+00 4.504197e-02
-2.282777e+00 5.285797e-02
