# POD basis Psi  shape (885 x 2)  -- columns are spatial modes
-2.564154e-02 7.868460e-02
-2.566596e-02 7.856840e-02
-2.569036e-02 7.845096e-02
-2.571473e-02 7.833227e-02
-2.573907e-02 7.821232e-02
-2.576340e-02 7.809112e-02
-2.578769e-02 7.796865e-02
-2.581196e-02 7.784491e-02
-2.583620e-02 7.771989e-02
-2.586042e-02 7.759359e-02
-2.588461e-02 7.746600e-02
-2.590878e-02 7.733713e-02
-2.593291e-02 7.720696e-02
-2.595703e-02 7.707550e-02
-2.598111e-02 7.694275e-02
-2.600517e-02 7.680870e-02
-2.602921e-02 7.667335e-02
-2.605321e-02 7.653670e-02
-2.607719e-02 7.639875e-02
-2.610115e-02 7.625951e-02
-2.612508e-02 7.611897e-02
-2.614898e-02 7.597714e-02
-2.617285e-02 7.583402e-02
-2.619670e-02 7.568961e-02
-2.622053e-02 7.554391e-02
-2.624432e-02 7.539694e-02
-2.626810e-02 7.524868e-02
-2.629184e-02 7.509915e-02
-2.631556e-02 7.494835e-02
-2.633926e-02 7.479629e-02
-2.636292e-02 7.464296e-02
-2.638657e-02 7.448837e-02
-2.641019e-02 7.433253e-02
-2.643378e-02 7.417544e-02
-2.645735e-02 7.401710e-02
-2.648089e-02 7.385751e-02
-2.650440e-02 7.369669e-02
-2.652789e-02 7.353462e-02
-2.655136e-02 7.337132e-02
-2.657480e-02 7.320679e-02
-2.659822e-02 7.304103e-02
-2.662161e-02 7.287403e-02
-2.664497e-02 7.270581e-02
-2.666832e-02 7.253636e-02
-2.669163e-02 7.236569e-02
-2.671492e-02 7.219379e-02
-2.673819e-02 7.202067e-02
-2.676143e-02 7.184633e-02
-2.678464e-02 7.167076e-02
-2.680783e-02 7.149397e-02
-2.683100e-02 7.131597e-02
-2.685414e-02 7.113675e-02
-2.687725e-02 7.095631e-02
-2.690034e-02 7.077467e-02
-2.692341e-02 7.059181e-02
-2.694645e-02 7.040776e-02
-2.696946e-02 7.022250e-02
-2.699246e-02 7.003605e-02
-2.701542e-02 6.984840e-02
-2.703836e-02 6.965958e-02
-2.706128e-02 6.946958e-02
-2.708417e-02 6.927841e-02
-2.710704e-02 6.908609e-02
-2.712988e-02 6.889261e-02
-2.715270e-02 6.869798e-02
-2.717550e-02 6.850222e-02
-2.719827e-02 6.830533e-02
-2.722102e-02 6.810733e-02
-2.724374e-02 6.790821e-02
-2.726644e-02 6.770799e-02
-2.728912e-02 6.750667e-02
-2.731178e-02 6.730426e-02
-2.733441e-02 6.710078e-02
-2.735702e-02 6.689622e-02
-2.737960e-02 6.669058e-02
-2.740217e-02 6.648389e-02
-2.742470e-02 6.627613e-02
-2.744722e-02 6.606731e-02
-2.746971e-02 6.585744e-02
-2.749218e-02 6.564651e-02
-2.751463e-02 6.543453e-02
-2.753705e-02 6.522149e-02
-2.755945e-02 6.500740e-02
-2.758183e-02 6.479225e-02
-2.760418e-02 6.457603e-02
-2.762651e-02 6.435875e-02
-2.764882e-02 6.414040e-02
-2.767110e-02 6.392097e-02
-2.769335e-02 6.370045e-02
-2.771558e-02 6.347884e-02
-2.773779e-02 6.325612e-02
-2.775997e-02 6.303229e-02
-2.778212e-02 6.280734e-02
-2.780425e-02 6.258126e-02
-2.782635e-02 6.235403e-02
-2.784842e-02 6.212564e-02
-2.787047e-02 6.189609e-02
-2.789248e-02 6.166536e-02
-2.791447e-02 6.143345e-02
-2.793643e-02 6.120033e-02
-2.795836e-02 6.096600e-02
-2.798027e-02 6.073046e-02
-2.800214e-02 6.049369e-02
-2.802398e-02 6.025569e-02
-2.804579e-02 6.001645e-02
-2.806758e-02 5.977597e-02
-2.808933e-02 5.953425e-02
-2.811105e-02 5.929128e-02
-2.813274e-02 5.904707e-02
-2.815439e-02 5.880161e-02
-2.817602e-02 5.855492e-02
-2.819762e-02 5.830700e-02
-2.821918e-02 5.805785e-02
-2.824072e-02 5.780748e-02
-2.826222e-02 5.755591e-02
-2.828370e-02 5.730315e-02
-2.830514e-02 5.704921e-02
-2.832655e-02 5.679410e-02
-2.834794e-02 5.653784e-02
-2.836929e-02 5.628045e-02
-2.839062e-02 5.602193e-02
-2.841191e-02 5.576232e-02
-2.843318e-02 5.550163e-02
-2.845442e-02 5.523987e-02
-2.847563e-02 5.497706e-02
-2.849681e-02 5.471322e-02
-2.851796e-02 5.444837e-02
-2.853909e-02 5.418251e-02
-2.856019e-02 5.391568e-02
-2.858126e-02 5.364788e-02
-2.860231e-02 5.337914e-02
-2.862333e-02 5.310945e-02
-2.864433e-02 5.283885e-02
-2.866530e-02 5.256733e-02
-2.868624e-02 5.229492e-02
-2.870716e-02 5.202163e-02
-2.872805e-02 5.174747e-02
-2.874891e-02 5.147244e-02
-2.876975e-02 5.119657e-02
-2.879057e-02 5.091986e-02
-2.881136e-02 5.064233e-02
-2.883213e-02 5.036397e-02
-2.885287e-02 5.008481e-02
-2.887358e-02 4.980484e-02
-2.889427e-02 4.952409e-02
-2.891494e-02 4.924256e-02
-2.893558e-02 4.896025e-02
-2.895619e-02 4.867717e-02
-2.897678e-02 4.839334e-02
-2.899735e-02 4.810876e-02
-2.901789e-02 4.782343e-02
-2.903840e-02 4.753736e-02
-2.905889e-02 4.725056e-02
-2.907935e-02 4.696304e-02
-2.909979e-02 4.667479e-02
-2.912020e-02 4.638583e-02
-2.914059e-02 4.609616e-02
-2.916095e-02 4.580578e-02
-2.918128e-02 4.551470e-02
-2.920159e-02 4.522292e-02
-2.922187e-02 4.493045e-02
-2.924212e-02 4.463729e-02
-2.926235e-02 4.434345e-02
-2.928254e-02 4.404892e-02
-2.930271e-02 4.375372e-02
-2.932285e-02 4.345784e-02
-2.934296e-02 4.316128e-02
-2.936305e-02 4.286406e-02
-2.938310e-02 4.256618e-02
-2.940312e-02 4.226763e-02
-2.942312e-02 4.196842e-02
-2.944308e-02 4.166856e-02
-2.946301e-02 4.136805e-02
-2.948291e-02 4.106689e-02
-2.950278e-02 4.076510e-02
-2.952262e-02 4.046267e-02
-2.954243e-02 4.015960e-02
-2.956220e-02 3.985592e-02
-2.958194e-02 3.955161e-02
-2.960165e-02 3.924669e-02
-2.962133e-02 3.894117e-02
-2.964097e-02 3.863505e-02
-2.966058e-02 3.832835e-02
-2.968015e-02 3.802106e-02
-2.969970e-02 3.771321e-02
-2.971920e-02 3.740479e-02
-2.973868e-02 3.709582e-02
-2.975812e-02 3.678631e-02
-2.977753e-02 3.647628e-02
-2.979690e-02 3.616572e-02
-2.981624e-02 3.585465e-02
-2.983554e-02 3.554309e-02
-2.985481e-02 3.523105e-02
-2.987405e-02 3.491854e-02
-2.989325e-02 3.460557e-02
-2.991242e-02 3.429215e-02
-2.993156e-02 3.397831e-02
-2.995066e-02 3.366404e-02
-2.996973e-02 3.334937e-02
-2.998877e-02 3.303431e-02
-3.000777e-02 3.271888e-02
-3.002674e-02 3.240307e-02
-3.004568e-02 3.208692e-02
-3.006458e-02 3.177044e-02
-3.008345e-02 3.145363e-02
-3.010229e-02 3.113651e-02
-3.012110e-02 3.081910e-02
-3.013988e-02 3.050141e-02
-3.015862e-02 3.018345e-02
-3.017733e-02 2.986524e-02
-3.019601e-02 2.954679e-02
-3.021466e-02 2.922810e-02
-3.023328e-02 2.890921e-02
-3.025187e-02 2.859011e-02
-3.027042e-02 2.827083e-02
-3.028894e-02 2.795137e-02
-3.030744e-02 2.763176e-02
-3.032590e-02 2.731199e-02
-3.034433e-02 2.699209e-02
-3.036273e-02 2.667207e-02
-3.038110e-02 2.635193e-02
-3.039944e-02 2.603171e-02
-3.041774e-02 2.571140e-02
-3.043602e-02 2.539102e-02
-3.045427e-02 2.507058e-02
-3.047248e-02 2.475011e-02
-3.049066e-02 2.442960e-02
-3.050882e-02 2.410907e-02
-3.052694e-02 2.378854e-02
-3.054503e-02 2.346801e-02
-3.056308e-02 2.314751e-02
-3.058111e-02 2.282704e-02
-3.059911e-02 2.250662e-02
-3.061707e-02 2.218626e-02
-3.063500e-02 2.186596e-02
-3.065290e-02 2.154576e-02
-3.067076e-02 2.122564e-02
-3.068860e-02 2.090564e-02
-3.070640e-02 2.058576e-02
-3.072416e-02 2.026601e-02
-3.074190e-02 1.994641e-02
-3.075960e-02 1.962696e-02
-3.077726e-02 1.930768e-02
-3.079490e-02 1.898857e-02
-3.081250e-02 1.866966e-02
-3.083006e-02 1.835094e-02
-3.084759e-02 1.803244e-02
-3.086509e-02 1.771416e-02
-3.088256e-02 1.739610e-02
-3.089999e-02 1.707829e-02
-3.091739e-02 1.676072e-02
-3.093475e-02 1.644341e-02
-3.095208e-02 1.612636e-02
-3.096938e-02 1.580959e-02
-3.098665e-02 1.549310e-02
-3.100388e-02 1.517690e-02
-3.102109e-02 1.486100e-02
-3.103826e-02 1.454540e-02
-3.105540e-02 1.423011e-02
-3.107251e-02 1.391514e-02
-3.108959e-02 1.360050e-02
-3.110664e-02 1.328619e-02
-3.112366e-02 1.297222e-02
-3.114065e-02 1.265860e-02
-3.115761e-02 1.234534e-02
-3.117454e-02 1.203244e-02
-3.119145e-02 1.171991e-02
-3.120832e-02 1.140776e-02
-3.122517e-02 1.109600e-02
-3.124199e-02 1.078463e-02
-3.125879e-02 1.047366e-02
-3.127555e-02 1.016310e-02
-3.129229e-02 9.852960e-03
-3.130901e-02 9.543245e-03
-3.132569e-02 9.233962e-03
-3.134235e-02 8.925121e-03
-3.135899e-02 8.616730e-03
-3.137559e-02 8.308798e-03
-3.139217e-02 8.001332e-03
-3.140873e-02 7.694341e-03
-3.142526e-02 7.387835e-03
-3.144177e-02 7.081821e-03
-3.145825e-02 6.776310e-03
-3.147470e-02 6.471310e-03
-3.149113e-02 6.166831e-03
-3.150753e-02 5.862882e-03
-3.152391e-02 5.559474e-03
-3.154026e-02 5.256617e-03
-3.155659e-02 4.954322e-03
-3.157289e-02 4.652598e-03
-3.158917e-02 4.351458e-03
-3.160542e-02 4.050912e-03
-3.162164e-02 3.750972e-03
-3.163784e-02 3.451649e-03
-3.165402e-02 3.152958e-03
-3.167017e-02 2.854908e-03
-3.168629e-02 2.557515e-03
-3.170239e-02 2.260790e-03
-3.171846e-02 1.964747e-03
-3.173450e-02 1.669400e-03
-3.175052e-02 1.374764e-03
-3.176651e-02 1.080852e-03
-3.178248e-02 7.876807e-04
-3.179842e-02 4.952641e-04
-3.181433e-02 2.036179e-04
-3.183022e-02 -8.724225e-05
-3.184608e-02 -3.773004e-04
-3.186191e-02 -6.665405e-04
-3.187771e-02 -9.549467e-04
-3.189349e-02 -1.242503e-03
-3.190924e-02 -1.529193e-03
-3.192496e-02 -1.815001e-03
-3.194065e-02 -2.099912e-03
-3.195631e-02 -2.383910e-03
-3.197195e-02 -2.666981e-03
-3.198755e-02 -2.949109e-03
-3.200313e-02 -3.230281e-03
-3.201868e-02 -3.510482e-03
-3.203420e-02 -3.789699e-03
-3.204969e-02 -4.067918e-03
-3.206515e-02 -4.345128e-03
-3.208058e-02 -4.621315e-03
-3.209598e-02 -4.896467e-03
-3.211135e-02 -5.170571e-03
-3.212669e-02 -5.443616e-03
-3.214201e-02 -5.715588e-03
-3.215729e-02 -5.986475e-03
-3.217255e-02 -6.256265e-03
-3.218777e-02 -6.524945e-03
-3.220296e-02 -6.792501e-03
-3.221813e-02 -7.058920e-03
-3.223326e-02 -7.324189e-03
-3.224837e-02 -7.588293e-03
-3.226344e-02 -7.851218e-03
-3.227849e-02 -8.112949e-03
-3.229351e-02 -8.373471e-03
-3.230849e-02 -8.632769e-03
-3.232344e-02 -8.890827e-03
-3.233837e-02 -9.147630e-03
-3.235326e-02 -9.403161e-03
-3.236812e-02 -9.657404e-03
-3.238296e-02 -9.910343e-03
-3.239776e-02 -1.016196e-02
-3.241253e-02 -1.041224e-02
-3.242727e-02 -1.066117e-02
-3.244197e-02 -1.090872e-02
-3.245665e-02 -1.115488e-02
-3.247130e-02 -1.139963e-02
-3.248591e-02 -1.164296e-02
-3.250049e-02 -1.188484e-02
-3.251504e-02 -1.212525e-02
-3.252956e-02 -1.236419e-02
-3.254404e-02 -1.260162e-02
-3.255850e-02 -1.283752e-02
-3.257292e-02 -1.307188e-02
-3.258731e-02 -1.330468e-02
-3.260166e-02 -1.353590e-02
-3.261598e-02 -1.376551e-02
-3.263027e-02 -1.399350e-02
-3.264453e-02 -1.421985e-02
-3.265875e-02 -1.444454e-02
-3.267294e-02 -1.466754e-02
-3.268710e-02 -1.488885e-02
-3.270122e-02 -1.510845e-02
-3.271531e-02 -1.532631e-02
-3.272936e-02 -1.554243e-02
-3.274338e-02 -1.575679e-02
-3.275737e-02 -1.596937e-02
-3.277132e-02 -1.618016e-02
-3.278524e-02 -1.638916e-02
-3.279913e-02 -1.659635e-02
-3.281298e-02 -1.680172e-02
-3.282679e-02 -1.700527e-02
-3.284058e-02 -1.720698e-02
-3.285433e-02 -1.740686e-02
-3.286804e-02 -1.760490e-02
-3.288173e-02 -1.780108e-02
-3.289538e-02 -1.799542e-02
-3.290899e-02 -1.818791e-02
-3.292258e-02 -1.837854e-02
-3.293613e-02 -1.856732e-02
-3.294964e-02 -1.875424e-02
-3.296313e-02 -1.893931e-02
-3.297658e-02 -1.912252e-02
-3.299001e-02 -1.930388e-02
-3.300340e-02 -1.948339e-02
-3.301675e-02 -1.966105e-02
-3.303008e-02 -1.983687e-02
-3.304338e-02 -2.001084e-02
-3.305664e-02 -2.018298e-02
-3.306988e-02 -2.035328e-02
-3.308308e-02 -2.052176e-02
-3.309625e-02 -2.068841e-02
-3.310940e-02 -2.085324e-02
-3.312251e-02 -2.101625e-02
-3.313560e-02 -2.117746e-02
-3.314865e-02 -2.133685e-02
-3.316168e-02 -2.149444e-02
-3.317467e-02 -2.165024e-02
-3.318764e-02 -2.180424e-02
-3.320058e-02 -2.195644e-02
-3.321349e-02 -2.210685e-02
-3.322638e-02 -2.225546e-02
-3.323923e-02 -2.240228e-02
-3.325206e-02 -2.254730e-02
-3.326486e-02 -2.269053e-02
-3.327763e-02 -2.283195e-02
-3.329038e-02 -2.297155e-02
-3.330309e-02 -2.310934e-02
-3.331578e-02 -2.324529e-02
-3.332844e-02 -2.337941e-02
-3.334108e-02 -2.351167e-02
-3.335368e-02 -2.364207e-02
-3.336626e-02 -2.377058e-02
-3.337881e-02 -2.389720e-02
-3.339133e-02 -2.402189e-02
-3.340383e-02 -2.414466e-02
-3.341629e-02 -2.426547e-02
-3.342873e-02 -2.438432e-02
-3.344114e-02 -2.450118e-02
-3.345352e-02 -2.461604e-02
-3.346587e-02 -2.472887e-02
-3.347819e-02 -2.483968e-02
-3.349048e-02 -2.494843e-02
-3.350275e-02 -2.505513e-02
-3.351498e-02 -2.515976e-02
-3.352719e-02 -2.526231e-02
-3.353937e-02 -2.536278e-02
-3.355151e-02 -2.546117e-02
-3.356363e-02 -2.555746e-02
-3.357572e-02 -2.565167e-02
-3.358779e-02 -2.574379e-02
-3.359982e-02 -2.583383e-02
-3.361182e-02 -2.592179e-02
-3.362380e-02 -2.600768e-02
-3.363575e-02 -2.609149e-02
-3.364767e-02 -2.617325e-02
-3.365956e-02 -2.625296e-02
-3.367143e-02 -2.633062e-02
-3.368327e-02 -2.640624e-02
-3.369508e-02 -2.647982e-02
-3.370686e-02 -2.655138e-02
-3.371862e-02 -2.662091e-02
-3.373035e-02 -2.668842e-02
-3.374205e-02 -2.675391e-02
-3.375373e-02 -2.681739e-02
-3.376538e-02 -2.687886e-02
-3.377701e-02 -2.693831e-02
-3.378860e-02 -2.699574e-02
-3.380018e-02 -2.705116e-02
-3.381172e-02 -2.710454e-02
-3.382324e-02 -2.715590e-02
-3.383474e-02 -2.720522e-02
-3.384621e-02 -2.725250e-02
-3.385765e-02 -2.729773e-02
-3.386907e-02 -2.734089e-02
-3.388046e-02 -2.738198e-02
-3.389182e-02 -2.742100e-02
-3.390316e-02 -2.745793e-02
-3.391447e-02 -2.749275e-02
-3.392576e-02 -2.752548e-02
-3.393702e-02 -2.755609e-02
-3.394825e-02 -2.758458e-02
-3.395946e-02 -2.761095e-02
-3.397064e-02 -2.763520e-02
-3.398179e-02 -2.765732e-02
-3.399292e-02 -2.767732e-02
-3.400403e-02 -2.769522e-02
-3.401510e-02 -2.771101e-02
-3.402616e-02 -2.772471e-02
-3.403718e-02 -2.773635e-02
-3.404819e-02 -2.774594e-02
-3.405917e-02 -2.775352e-02
-3.407012e-02 -2.775910e-02
-3.408105e-02 -2.776274e-02
-3.409196e-02 -2.776445e-02
-3.410285e-02 -2.776430e-02
-3.411371e-02 -2.776231e-02
-3.412455e-02 -2.775855e-02
-3.413538e-02 -2.775306e-02
-3.414618e-02 -2.774590e-02
-3.415696e-02 -2.773712e-02
-3.416772e-02 -2.772678e-02
-3.417847e-02 -2.771493e-02
-3.418920e-02 -2.770165e-02
-3.419991e-02 -2.768698e-02
-3.421061e-02 -2.767100e-02
-3.422129e-02 -2.765375e-02
-3.423196e-02 -2.763530e-02
-3.424261e-02 -2.761571e-02
-3.425326e-02 -2.759504e-02
-3.426388e-02 -2.757334e-02
-3.427450e-02 -2.755066e-02
-3.428511e-02 -2.752707e-02
-3.429571e-02 -2.750262e-02
-3.430629e-02 -2.747735e-02
-3.431687e-02 -2.745131e-02
-3.432744e-02 -2.742454e-02
-3.433800e-02 -2.739711e-02
-3.434855e-02 -2.736903e-02
-3.435910e-02 -2.734036e-02
-3.436964e-02 -2.731114e-02
-3.438017e-02 -2.728139e-02
-3.439070e-02 -2.725115e-02
-3.440122e-02 -2.722046e-02
-3.441174e-02 -2.718935e-02
-3.442225e-02 -2.715784e-02
-3.443276e-02 -2.712596e-02
-3.444326e-02 -2.709373e-02
-3.445376e-02 -2.706118e-02
-3.446426e-02 -2.702834e-02
-3.447475e-02 -2.699521e-02
-3.448524e-02 -2.696183e-02
-3.449573e-02 -2.692820e-02
-3.450622e-02 -2.689435e-02
-3.451670e-02 -2.686029e-02
-3.452718e-02 -2.682603e-02
-3.453765e-02 -2.679160e-02
-3.454813e-02 -2.675699e-02
-3.455860e-02 -2.672223e-02
-3.456908e-02 -2.668732e-02
-3.457955e-02 -2.665228e-02
-3.459001e-02 -2.661711e-02
-3.460048e-02 -2.658182e-02
-3.461095e-02 -2.654642e-02
-3.462141e-02 -2.651092e-02
-3.463187e-02 -2.647533e-02
-3.464234e-02 -2.643964e-02
-3.465280e-02 -2.640388e-02
-3.466326e-02 -2.636803e-02
-3.467372e-02 -2.633212e-02
-3.468418e-02 -2.629614e-02
-3.469463e-02 -2.626009e-02
-3.470509e-02 -2.622399e-02
-3.471555e-02 -2.618783e-02
-3.472600e-02 -2.615163e-02
-3.473646e-02 -2.611537e-02
-3.474691e-02 -2.607907e-02
-3.475737e-02 -2.604273e-02
-3.476782e-02 -2.600635e-02
-3.477828e-02 -2.596994e-02
-3.478873e-02 -2.593349e-02
-3.479918e-02 -2.589701e-02
-3.480963e-02 -2.586050e-02
-3.482009e-02 -2.582396e-02
-3.483054e-02 -2.578739e-02
-3.484099e-02 -2.575080e-02
-3.485144e-02 -2.571419e-02
-3.486189e-02 -2.567756e-02
-3.487234e-02 -2.564090e-02
-3.488279e-02 -2.560423e-02
-3.489324e-02 -2.556754e-02
-3.490369e-02 -2.553083e-02
-3.491414e-02 -2.549411e-02
-3.492459e-02 -2.545737e-02
-3.493504e-02 -2.542062e-02
-3.494549e-02 -2.538385e-02
-3.495594e-02 -2.534708e-02
-3.496638e-02 -2.531029e-02
-3.497683e-02 -2.527349e-02
-3.498728e-02 -2.523667e-02
-3.499773e-02 -2.519985e-02
-3.500818e-02 -2.516302e-02
-3.501863e-02 -2.512619e-02
-3.502907e-02 -2.508934e-02
-3.503952e-02 -2.505248e-02
-3.505415e-02 -2.500074e-02
-3.507292e-02 -2.493423e-02
-3.509165e-02 -2.486784e-02
-3.511036e-02 -2.480155e-02
-3.512904e-02 -2.473538e-02
-3.514768e-02 -2.466932e-02
-3.516629e-02 -2.460338e-02
-3.518487e-02 -2.453755e-02
-3.520341e-02 -2.447183e-02
-3.522193e-02 -2.440622e-02
-3.524041e-02 -2.434073e-02
-3.525886e-02 -2.427535e-02
-3.527728e-02 -2.421009e-02
-3.529567e-02 -2.414493e-02
-3.531403e-02 -2.407989e-02
-3.533235e-02 -2.401497e-02
-3.535064e-02 -2.395015e-02
-3.536890e-02 -2.388545e-02
-3.538713e-02 -2.382086e-02
-3.540532e-02 -2.375639e-02
-3.542349e-02 -2.369203e-02
-3.544162e-02 -2.362778e-02
-3.545972e-02 -2.356364e-02
-3.547779e-02 -2.349962e-02
-3.549583e-02 -2.343571e-02
-3.551383e-02 -2.337191e-02
-3.553180e-02 -2.330823e-02
-3.554974e-02 -2.324466e-02
-3.556765e-02 -2.318120e-02
-3.558553e-02 -2.311785e-02
-3.560337e-02 -2.305462e-02
-3.562119e-02 -2.299150e-02
-3.563897e-02 -2.292850e-02
-3.565672e-02 -2.286561e-02
-3.567444e-02 -2.280283e-02
-3.569212e-02 -2.274016e-02
-3.570978e-02 -2.267760e-02
-3.572740e-02 -2.261516e-02
-3.574499e-02 -2.255284e-02
-3.576255e-02 -2.249062e-02
-3.578007e-02 -2.242852e-02
-3.579757e-02 -2.236653e-02
-3.581503e-02 -2.230465e-02
-3.583246e-02 -2.224289e-02
-3.584986e-02 -2.218124e-02
-3.586723e-02 -2.211970e-02
-3.588456e-02 -2.205828e-02
-3.590186e-02 -2.199697e-02
-3.591913e-02 -2.193577e-02
-3.593637e-02 -2.187468e-02
-3.595358e-02 -2.181371e-02
-3.597076e-02 -2.175285e-02
-3.598790e-02 -2.169210e-02
-3.600501e-02 -2.163147e-02
-3.602209e-02 -2.157095e-02
-3.603914e-02 -2.151054e-02
-3.605616e-02 -2.145025e-02
-3.607314e-02 -2.139007e-02
-3.609009e-02 -2.133000e-02
-3.610701e-02 -2.127004e-02
-3.612390e-02 -2.121020e-02
-3.614076e-02 -2.115047e-02
-3.615759e-02 -2.109085e-02
-3.617438e-02 -2.103135e-02
-3.619114e-02 -2.097195e-02
-3.620787e-02 -2.091268e-02
-3.622457e-02 -2.085351e-02
-3.624123e-02 -2.079446e-02
-3.625787e-02 -2.073552e-02
-3.627447e-02 -2.067669e-02
-3.629104e-02 -2.061798e-02
-3.630758e-02 -2.055938e-02
-3.632408e-02 -2.050089e-02
-3.634056e-02 -2.044251e-02
-3.635700e-02 -2.038425e-02
-3.637341e-02 -2.032610e-02
-3.638979e-02 -2.026806e-02
-3.640614e-02 -2.021014e-02
-3.642245e-02 -2.015233e-02
-3.643874e-02 -2.009463e-02
-3.645499e-02 -2.003704e-02
-3.647121e-02 -1.997957e-02
-3.648739e-02 -1.992221e-02
-3.650355e-02 -1.986497e-02
-3.651968e-02 -1.980783e-02
-3.653577e-02 -1.975081e-02
-3.655183e-02 -1.969390e-02
-3.656786e-02 -1.963711e-02
-3.658385e-02 -1.958043e-02
-3.659982e-02 -1.952386e-02
-3.661575e-02 -1.946740e-02
-3.663165e-02 -1.941106e-02
-3.664752e-02 -1.935483e-02
-3.666336e-02 -1.929871e-02
-3.667916e-02 -1.924270e-02
-3.669494e-02 -1.918681e-02
-3.671068e-02 -1.913103e-02
-3.672639e-02 -1.907536e-02
-3.674207e-02 -1.901981e-02
-3.675772e-02 -1.896437e-02
-3.677333e-02 -1.890904e-02
-3.678891e-02 -1.885382e-02
-3.680446e-02 -1.879872e-02
-3.681998e-02 -1.874373e-02
-3.683547e-02 -1.868886e-02
-3.685093e-02 -1.863409e-02
-3.686635e-02 -1.857944e-02
-3.688174e-02 -1.852490e-02
-3.689710e-02 -1.847048e-02
-3.691243e-02 -1.841616e-02
-3.692772e-02 -1.836196e-02
-3.694299e-02 -1.830788e-02
-3.695822e-02 -1.825390e-02
-3.697342e-02 -1.820004e-02
-3.698859e-02 -1.814629e-02
-3.700373e-02 -1.809265e-02
-3.701883e-02 -1.803913e-02
-3.703391e-02 -1.798572e-02
-3.704895e-02 -1.793242e-02
-3.706396e-02 -1.787924e-02
-3.707894e-02 -1.782617e-02
-3.709388e-02 -1.777321e-02
-3.710880e-02 -1.772036e-02
-3.712368e-02 -1.766763e-02
-3.713853e-02 -1.761500e-02
-3.715335e-02 -1.756250e-02
-3.716813e-02 -1.751010e-02
-3.718289e-02 -1.745782e-02
-3.719761e-02 -1.740565e-02
-3.721230e-02 -1.735359e-02
-3.722696e-02 -1.730165e-02
-3.724159e-02 -1.724981e-02
-3.725619e-02 -1.719810e-02
-3.727075e-02 -1.714649e-02
-3.728528e-02 -1.709500e-02
-3.729978e-02 -1.704362e-02
-3.731425e-02 -1.699235e-02
-3.732869e-02 -1.694119e-02
-3.734310e-02 -1.689015e-02
-3.735747e-02 -1.683922e-02
-3.737181e-02 -1.678840e-02
-3.738612e-02 -1.673770e-02
-3.740040e-02 -1.668711e-02
-3.741464e-02 -1.663663e-02
-3.742886e-02 -1.658626e-02
-3.744304e-02 -1.653601e-02
-3.745719e-02 -1.648587e-02
-3.747131e-02 -1.643584e-02
-3.748540e-02 -1.638593e-02
-3.749945e-02 -1.633612e-02
-3.751347e-02 -1.628643e-02
-3.752747e-02 -1.623686e-02
-3.754143e-02 -1.618739e-02
-3.755535e-02 -1.613804e-02
-3.756925e-02 -1.608880e-02
-3.758311e-02 -1.603968e-02
-3.759695e-02 -1.599066e-02
-3.761075e-02 -1.594176e-02
-3.762452e-02 -1.589297e-02
-3.763825e-02 -1.584430e-02
-3.765196e-02 -1.579574e-02
-3.766563e-02 -1.574729e-02
-3.767927e-02 -1.569895e-02
-3.769288e-02 -1.565072e-02
-3.770646e-02 -1.560261e-02
-3.772001e-02 -1.555461e-02
-3.773352e-02 -1.550673e-02
-3.774700e-02 -1.545895e-02
-3.776045e-02 -1.541129e-02
-3.777387e-02 -1.536374e-02
-3.778726e-02 -1.531631e-02
-3.780062e-02 -1.526899e-02
-3.781394e-02 -1.522178e-02
-3.782723e-02 -1.517468e-02
-3.784049e-02 -1.512769e-02
-3.785372e-02 -1.508082e-02
-3.786692e-02 -1.503406e-02
-3.788008e-02 -1.498741e-02
-3.789321e-02 -1.494088e-02
-3.790631e-02 -1.489446e-02
-3.791938e-02 -1.484815e-02
-3.793242e-02 -1.480195e-02
-3.794543e-02 -1.475587e-02
-3.795840e-02 -1.470990e-02
-3.797134e-02 -1.466404e-02
-3.798425e-02 -1.461829e-02
-3.799713e-02 -1.457266e-02
-3.800998e-02 -1.452714e-02
-3.802279e-02 -1.448173e-02
-3.803558e-02 -1.443644e-02
-3.804833e-02 -1.439125e-02
-3.806105e-02 -1.434618e-02
-3.807373e-02 -1.430123e-02
-3.808639e-02 -1.425638e-02
-3.809901e-02 -1.421165e-02
-3.811161e-02 -1.416703e-02
-3.812417e-02 -1.412252e-02
-3.813670e-02 -1.407813e-02
-3.814919e-02 -1.403385e-02
-3.816166e-02 -1.398968e-02
-3.817409e-02 -1.394562e-02
-3.818649e-02 -1.390168e-02
-3.819886e-02 -1.385785e-02
-3.821120e-02 -1.381413e-02
-3.822351e-02 -1.377053e-02
-3.823578e-02 -1.372703e-02
-3.824802e-02 -1.368365e-02
-3.826024e-02 -1.364038e-02
-3.827241e-02 -1.359723e-02
-3.828456e-02 -1.355419e-02
-3.829668e-02 -1.351126e-02
-3.830876e-02 -1.346844e-02
-3.832081e-02 -1.342573e-02
-3.833283e-02 -1.338314e-02
-3.834482e-02 -1.334066e-02
-3.835678e-02 -1.329830e-02
-3.836870e-02 -1.325604e-02
-3.838060e-02 -1.321390e-02
-3.839246e-02 -1.317187e-02
-3.840429e-02 -1.312995e-02
-3.841609e-02 -1.308815e-02
-3.842785e-02 -1.304646e-02
-3.843959e-02 -1.300488e-02
-3.845129e-02 -1.296341e-02
-3.846296e-02 -1.292206e-02
-3.847460e-02 -1.288082e-02
-3.848621e-02 -1.283969e-02
-3.849778e-02 -1.279867e-02
-3.850932e-02 -1.275777e-02
-3.852084e-02 -1.271698e-02
-3.853232e-02 -1.267630e-02
-3.854376e-02 -1.263573e-02
-3.855518e-02 -1.259528e-02
-3.856657e-02 -1.255494e-02
-3.857792e-02 -1.251471e-02
-3.858924e-02 -1.247460e-02
-3.860053e-02 -1.243459e-02
-3.861179e-02 -1.239470e-02
-3.862301e-02 -1.235493e-02
-3.863421e-02 -1.231526e-02
-3.864537e-02 -1.227571e-02
-3.865650e-02 -1.223627e-02
-3.866760e-02 -1.219694e-02
-3.867867e-02 -1.215773e-02
-3.868970e-02 -1.211862e-02
-3.870071e-02 -1.207963e-02
-3.871168e-02 -1.204076e-02
-3.872262e-02 -1.200199e-02
-3.873353e-02 -1.196334e-02
-3.874440e-02 -1.192480e-02
-3.875525e-02 -1.188637e-02
-3.876606e-02 -1.184806e-02
-3.877684e-02 -1.180986e-02
-3.878759e-02 -1.177177e-02
-3.879831e-02 -1.173379e-02
-3.880900e-02 -1.169592e-02
-3.881965e-02 -1.165817e-02
-3.883027e-02 -1.162053e-02
-3.884086e-02 -1.158301e-02
-3.885142e-02 -1.154559e-02
-3.886195e-02 -1.150829e-02
-3.887244e-02 -1.147110e-02
-3.888291e-02 -1.143402e-02
-3.889334e-02 -1.139706e-02
-3.890374e-02 -1.136021e-02
-3.891411e-02 -1.132347e-02
-3.892445e-02 -1.128684e-02
-3.893475e-02 -1.125033e-02
-3.894502e-02 -1.121393e-02
-3.895527e-02 -1.117764e-02
-3.896547e-02 -1.114146e-02
-3.897565e-02 -1.110540e-02
-3.898580e-02 -1.106944e-02
-3.899591e-02 -1.103360e-02
-3.900600e-02 -1.099788e-02
-3.901605e-02 -1.096226e-02
-3.902607e-02 -1.092676e-02
-3.903605e-02 -1.089137e-02
-3.904601e-02 -1.085610e-02
-3.905593e-02 -1.082093e-02
-3.906583e-02 -1.078588e-02
-3.907569e-02 -1.075094e-02
-3.908551e-02 -1.071611e-02
-3.909531e-02 -1.068140e-02
-3.910508e-02 -1.064680e-02
-3.911481e-02 -1.061231e-02
-3.912451e-02 -1.057793e-02
-3.913418e-02 -1.054367e-02
-3.914382e-02 -1.050952e-02
-3.915343e-02 -1.047548e-02
-3.916300e-02 -1.044155e-02
-3.917254e-02 -1.040774e-02
-3.918206e-02 -1.037403e-02
-3.919154e-02 -1.034044e-02
-3.920098e-02 -1.030697e-02
-3.921040e-02 -1.027360e-02
-3.921978e-02 -1.024035e-02
-3.922914e-02 -1.020721e-02
-3.923846e-02 -1.017419e-02
-3.924775e-02 -1.014127e-02
-3.925700e-02 -1.010847e-02
-3.926623e-02 -1.007578e-02
-3.927542e-02 -1.004320e-02
-3.928458e-02 -1.001074e-02
-3.929371e-02 -9.978385e-03
-3.930281e-02 -9.946145e-03
-3.931188e-02 -9.914018e-03
-3.932092e-02 -9.882003e-03
-3.932992e-02 -9.850100e-03
-3.933889e-02 -9.818310e-03
-3.934783e-02 -9.786633e-03
-3.935674e-02 -9.755068e-03
-3.936562e-02 -9.723615e-03
-3.937446e-02 -9.692275e-03
-3.938327e-02 -9.661047e-03
-3.939205e-02 -9.629932e-03
-3.940080e-02 -9.598929e-03
-3.940952e-02 -9.568039e-03
-3.941821e-02 -9.537261e-03
